sourcemac;timestamp;x_m;y_m
437aab3f88a56f32a428df1fc6b2c140bebd28cdf7601a767854c5b41e8d52c5;1518086113.0;3.0;63.0
437aab3f88a56f32a428df1fc6b2c140bebd28cdf7601a767854c5b41e8d52c5;1518086117.5;3.0;63.0
437aab3f88a56f32a428df1fc6b2c140bebd28cdf7601a767854c5b41e8d52c5;1518086122.0;3.0;63.0
437aab3f88a56f32a428df1fc6b2c140bebd28cdf7601a767854c5b41e8d52c5;1518086125.0;3.0;63.0
437aab3f88a56f32a428df1fc6b2c140bebd28cdf7601a767854c5b41e8d52c5;1518086129.5;-1.2;63.0
437aab3f88a56f32a428df1fc6b2c140bebd28cdf7601a767854c5b41e8d52c5;1518086131.0;-0.6855;63.0
437aab3f88a56f32a428df1fc6b2c140bebd28cdf7601a767854c5b41e8d52c5;1518086134.0;0.10039875;63.0
437aab3f88a56f32a428df1fc6b2c140bebd28cdf7601a767854c5b41e8d52c5;1518086138.5;0.966434090625;63.0
437aab3f88a56f32a428df1fc6b2c140bebd28cdf7601a767854c5b41e8d52c5;1518086141.5;-6.62153111407;73.5
437aab3f88a56f32a428df1fc6b2c140bebd28cdf7601a767854c5b41e8d52c5;1518086143.0;-17.5150709356;82.71375
437aab3f88a56f32a428df1fc6b2c140bebd28cdf7601a767854c5b41e8d52c5;1518086146.0;-26.4927756301;89.962753125
437aab3f88a56f32a428df1fc6b2c140bebd28cdf7601a767854c5b41e8d52c5;1518086149.0;-28.9254186667;95.0466678984
437aab3f88a56f32a428df1fc6b2c140bebd28cdf7601a767854c5b41e8d52c5;1518086150.5;-33.7357728539;98.1004956836
437aab3f88a56f32a428df1fc6b2c140bebd28cdf7601a767854c5b41e8d52c5;1518086153.5;-30.472370901;93.1606730227
437aab3f88a56f32a428df1fc6b2c140bebd28cdf7601a767854c5b41e8d52c5;1518086155.0;-26.4557941962;81.4251058479
437aab3f88a56f32a428df1fc6b2c140bebd28cdf7601a767854c5b41e8d52c5;1518086158.0;-22.441684549;70.8049117179
437aab3f88a56f32a428df1fc6b2c140bebd28cdf7601a767854c5b41e8d52c5;1518086162.5;-21.0209069211;64.3106838479
437aab3f88a56f32a428df1fc6b2c140bebd28cdf7601a767854c5b41e8d52c5;1518086171.5;-24.2948403652;70.4288769611
437aab3f88a56f32a428df1fc6b2c140bebd28cdf7601a767854c5b41e8d52c5;1518086176.0;-29.5892791591;70.8706650569
437aab3f88a56f32a428df1fc6b2c140bebd28cdf7601a767854c5b41e8d52c5;1518086179.0;-34.1834776781;71.6636708497
437aab3f88a56f32a428df1fc6b2c140bebd28cdf7601a767854c5b41e8d52c5;1518086183.5;-35.6597306999;78.887824936
437aab3f88a56f32a428df1fc6b2c140bebd28cdf7601a767854c5b41e8d52c5;1518086186.5;-36.2934781533;81.1122665374
437aab3f88a56f32a428df1fc6b2c140bebd28cdf7601a767854c5b41e8d52c5;1518086188.0;-38.4019629243;80.4444009274
437aab3f88a56f32a428df1fc6b2c140bebd28cdf7601a767854c5b41e8d52c5;1518086191.0;-39.8457375672;79.3433491674
437aab3f88a56f32a428df1fc6b2c140bebd28cdf7601a767854c5b41e8d52c5;1518086198.5;-36.4805882331;75.9956052503
437aab3f88a56f32a428df1fc6b2c140bebd28cdf7601a767854c5b41e8d52c5;1518086203.0;-31.0318691074;81.3626100611
437aab3f88a56f32a428df1fc6b2c140bebd28cdf7601a767854c5b41e8d52c5;1518086204.5;-30.46129771;86.2767434556
437aab3f88a56f32a428df1fc6b2c140bebd28cdf7601a767854c5b41e8d52c5;1518086207.5;-24.1014173322;81.8945290887
437aab3f88a56f32a428df1fc6b2c140bebd28cdf7601a767854c5b41e8d52c5;1518086209.0;-27.2525714635;79.5665099369
437aab3f88a56f32a428df1fc6b2c140bebd28cdf7601a767854c5b41e8d52c5;1518086212.0;-22.3398816445;77.4939000209
437aab3f88a56f32a428df1fc6b2c140bebd28cdf7601a767854c5b41e8d52c5;1518086215.0;-18.2474977607;75.841200823
437aab3f88a56f32a428df1fc6b2c140bebd28cdf7601a767854c5b41e8d52c5;1518086219.5;-15.1896297606;74.6638992435
437aab3f88a56f32a428df1fc6b2c140bebd28cdf7601a767854c5b41e8d52c5;1518086224.0;-13.1787859148;73.9398255595
437aab3f88a56f32a428df1fc6b2c140bebd28cdf7601a767854c5b41e8d52c5;1518086228.5;2.60516385949;73.5990490339
437aab3f88a56f32a428df1fc6b2c140bebd28cdf7601a767854c5b41e8d52c5;1518086233.0;15.85309864;73.5491607856
437aab3f88a56f32a428df1fc6b2c140bebd28cdf7601a767854c5b41e8d52c5;1518086237.5;25.8297516639;73.6944612279
437aab3f88a56f32a428df1fc6b2c140bebd28cdf7601a767854c5b41e8d52c5;1518086240.5;32.4579315507;76.048835015
437aab3f88a56f32a428df1fc6b2c140bebd28cdf7601a767854c5b41e8d52c5;1518086242.0;36.0976518621;73.9856956873
437aab3f88a56f32a428df1fc6b2c140bebd28cdf7601a767854c5b41e8d52c5;1518086245.0;37.3490077114;74.1339074026
437aab3f88a56f32a428df1fc6b2c140bebd28cdf7601a767854c5b41e8d52c5;1518086249.5;30.5946355688;76.4363413607
437aab3f88a56f32a428df1fc6b2c140bebd28cdf7601a767854c5b41e8d52c5;1518086252.5;23.5589508189;78.4919716168
437aab3f88a56f32a428df1fc6b2c140bebd28cdf7601a767854c5b41e8d52c5;1518086254.0;23.5022842562;78.0353647602
437aab3f88a56f32a428df1fc6b2c140bebd28cdf7601a767854c5b41e8d52c5;1518086257.0;21.793921169;85.7667381203
437aab3f88a56f32a428df1fc6b2c140bebd28cdf7601a767854c5b41e8d52c5;1518086261.5;28.9862298192;79.8132053846
437aab3f88a56f32a428df1fc6b2c140bebd28cdf7601a767854c5b41e8d52c5;1518086266.0;35.6229172889;73.8837914468
437aab3f88a56f32a428df1fc6b2c140bebd28cdf7601a767854c5b41e8d52c5;1518086269.0;41.0854567764;68.696407935
437aab3f88a56f32a428df1fc6b2c140bebd28cdf7601a767854c5b41e8d52c5;1518086273.5;47.2156389881;64.6267986803
437aab3f88a56f32a428df1fc6b2c140bebd28cdf7601a767854c5b41e8d52c5;1518086275.0;49.5638416497;61.7822698264
437aab3f88a56f32a428df1fc6b2c140bebd28cdf7601a767854c5b41e8d52c5;1518086278.0;52.6311027776;60.0824980176
437aab3f88a56f32a428df1fc6b2c140bebd28cdf7601a767854c5b41e8d52c5;1518086281.0;54.4250124205;59.3350403348
437aab3f88a56f32a428df1fc6b2c140bebd28cdf7601a767854c5b41e8d52c5;1518086287.0;61.4714896669;61.3981503999
437aab3f88a56f32a428df1fc6b2c140bebd28cdf7601a767854c5b41e8d52c5;1518086290.0;66.9739423928;63.6703985182
437aab3f88a56f32a428df1fc6b2c140bebd28cdf7601a767854c5b41e8d52c5;1518086294.5;68.6987287216;70.0002359767
437aab3f88a56f32a428df1fc6b2c140bebd28cdf7601a767854c5b41e8d52c5;1518086296.0;69.1217455669;71.2621014175
437aab3f88a56f32a428df1fc6b2c140bebd28cdf7601a767854c5b41e8d52c5;1518086297.5;74.9467926844;65.5052065304
437aab3f88a56f32a428df1fc6b2c140bebd28cdf7601a767854c5b41e8d52c5;1518086299.0;75.2745912069;66.2863370538
437aab3f88a56f32a428df1fc6b2c140bebd28cdf7601a767854c5b41e8d52c5;1518086302.0;74.7190228237;67.126495605
437aab3f88a56f32a428df1fc6b2c140bebd28cdf7601a767854c5b41e8d52c5;1518086303.5;73.6573230787;67.9021029516
437aab3f88a56f32a428df1fc6b2c140bebd28cdf7601a767854c5b41e8d52c5;1518086305.0;74.4966961673;66.4407401153
437aab3f88a56f32a428df1fc6b2c140bebd28cdf7601a767854c5b41e8d52c5;1518086306.5;77.2039433944;65.0693636076
437aab3f88a56f32a428df1fc6b2c140bebd28cdf7601a767854c5b41e8d52c5;1518086308.0;75.2286710262;66.0244718357
437aab3f88a56f32a428df1fc6b2c140bebd28cdf7601a767854c5b41e8d52c5;1518086309.5;75.2817317862;64.909794384
437aab3f88a56f32a428df1fc6b2c140bebd28cdf7601a767854c5b41e8d52c5;1518086311.0;77.3817091364;63.9513042284
437aab3f88a56f32a428df1fc6b2c140bebd28cdf7601a767854c5b41e8d52c5;1518086314.0;79.1899350448;59.0117508593
437aab3f88a56f32a428df1fc6b2c140bebd28cdf7601a767854c5b41e8d52c5;1518086315.5;84.7870148422;56.9196016891
437aab3f88a56f32a428df1fc6b2c140bebd28cdf7601a767854c5b41e8d52c5;1518086318.5;85.2312073924;53.4695535216
437aab3f88a56f32a428df1fc6b2c140bebd28cdf7601a767854c5b41e8d52c5;1518086320.0;91.3016096445;32.0245019063
437aab3f88a56f32a428df1fc6b2c140bebd28cdf7601a767854c5b41e8d52c5;1518086323.0;94.0904239269;28.4947168728
437aab3f88a56f32a428df1fc6b2c140bebd28cdf7601a767854c5b41e8d52c5;1518086327.5;87.3695762794;37.9872537841
437aab3f88a56f32a428df1fc6b2c140bebd28cdf7601a767854c5b41e8d52c5;1518086332.0;89.1507522143;43.7564641879
437aab3f88a56f32a428df1fc6b2c140bebd28cdf7601a767854c5b41e8d52c5;1518086335.0;90.7800494257;42.8287840874
437aab3f88a56f32a428df1fc6b2c140bebd28cdf7601a767854c5b41e8d52c5;1518086339.5;92.1110365585;41.7567659713
437aab3f88a56f32a428df1fc6b2c140bebd28cdf7601a767854c5b41e8d52c5;1518086341.0;93.0850762164;40.7222503644
437aab3f88a56f32a428df1fc6b2c140bebd28cdf7601a767854c5b41e8d52c5;1518086342.5;95.8077801575;35.6388395503
437aab3f88a56f32a428df1fc6b2c140bebd28cdf7601a767854c5b41e8d52c5;1518086344.0;97.96858465;29.1763646762
437aab3f88a56f32a428df1fc6b2c140bebd28cdf7601a767854c5b41e8d52c5;1518086348.5;97.3994559504;30.2741513352
437aab3f88a56f32a428df1fc6b2c140bebd28cdf7601a767854c5b41e8d52c5;1518086351.5;98.5905889418;27.856629125
437aab3f88a56f32a428df1fc6b2c140bebd28cdf7601a767854c5b41e8d52c5;1518086353.0;97.3149782408;30.3803026205
437aab3f88a56f32a428df1fc6b2c140bebd28cdf7601a767854c5b41e8d52c5;1518086356.0;93.8572464507;33.0766033216
437aab3f88a56f32a428df1fc6b2c140bebd28cdf7601a767854c5b41e8d52c5;1518086359.0;88.6697080969;35.5548148704
437aab3f88a56f32a428df1fc6b2c140bebd28cdf7601a767854c5b41e8d52c5;1518086360.5;88.558268925;37.5876875555
437aab3f88a56f32a428df1fc6b2c140bebd28cdf7601a767854c5b41e8d52c5;1518086362.0;76.42994552;39.0820630753
437aab3f88a56f32a428df1fc6b2c140bebd28cdf7601a767854c5b41e8d52c5;1518086365.0;66.1663669806;37.9433544364
437aab3f88a56f32a428df1fc6b2c140bebd28cdf7601a767854c5b41e8d52c5;1518086368.0;58.3721609748;36.5976329027
437aab3f88a56f32a428df1fc6b2c140bebd28cdf7601a767854c5b41e8d52c5;1518086372.5;53.1378373516;35.2822038752
437aab3f88a56f32a428df1fc6b2c140bebd28cdf7601a767854c5b41e8d52c5;1518086374.0;50.208641921;29.9476050326
437aab3f88a56f32a428df1fc6b2c140bebd28cdf7601a767854c5b41e8d52c5;1518086377.0;49.1366062558;29.5840341684
437aab3f88a56f32a428df1fc6b2c140bebd28cdf7601a767854c5b41e8d52c5;1518086381.5;49.403048807;29.7661689211
437aab3f88a56f32a428df1fc6b2c140bebd28cdf7601a767854c5b41e8d52c5;1518086386.0;50.5068629865;30.2807008175
437aab3f88a56f32a428df1fc6b2c140bebd28cdf7601a767854c5b41e8d52c5;1518086389.0;52.0197514873;30.9482607
437aab3f88a56f32a428df1fc6b2c140bebd28cdf7601a767854c5b41e8d52c5;1518086393.5;53.6132094556;27.4335126879
437aab3f88a56f32a428df1fc6b2c140bebd28cdf7601a767854c5b41e8d52c5;1518086398.0;63.4638389767;30.6608211757
437aab3f88a56f32a428df1fc6b2c140bebd28cdf7601a767854c5b41e8d52c5;1518086401.0;76.2149278908;33.7801210988
437aab3f88a56f32a428df1fc6b2c140bebd28cdf7601a767854c5b41e8d52c5;1518086402.5;82.3593070183;36.4471012142
437aab3f88a56f32a428df1fc6b2c140bebd28cdf7601a767854c5b41e8d52c5;1518086407.0;86.1866383415;38.4933683905
437aab3f88a56f32a428df1fc6b2c140bebd28cdf7601a767854c5b41e8d52c5;1518086410.0;79.6390405047;37.7855044272
437aab3f88a56f32a428df1fc6b2c140bebd28cdf7601a767854c5b41e8d52c5;1518086414.5;72.6098194489;36.7391685588
437aab3f88a56f32a428df1fc6b2c140bebd28cdf7601a767854c5b41e8d52c5;1518086419.0;74.5286228802;37.7010020958
437aab3f88a56f32a428df1fc6b2c140bebd28cdf7601a767854c5b41e8d52c5;1518086422.0;68.1685888077;32.1853211382
437aab3f88a56f32a428df1fc6b2c140bebd28cdf7601a767854c5b41e8d52c5;1518086426.5;71.0664145317;33.5299266763
437aab3f88a56f32a428df1fc6b2c140bebd28cdf7601a767854c5b41e8d52c5;1518086428.0;65.7668654721;35.0740042582
437aab3f88a56f32a428df1fc6b2c140bebd28cdf7601a767854c5b41e8d52c5;1518086431.0;61.248217563;34.4585891648
437aab3f88a56f32a428df1fc6b2c140bebd28cdf7601a767854c5b41e8d52c5;1518086434.0;57.7906897707;33.8798921814
437aab3f88a56f32a428df1fc6b2c140bebd28cdf7601a767854c5b41e8d52c5;1518086440.0;55.4464372087;29.19595235
437aab3f88a56f32a428df1fc6b2c140bebd28cdf7601a767854c5b41e8d52c5;1518086443.0;54.1129844854;31.4473872967
437aab3f88a56f32a428df1fc6b2c140bebd28cdf7601a767854c5b41e8d52c5;1518086446.0;64.0998996158;33.8360150682
437aab3f88a56f32a428df1fc6b2c140bebd28cdf7601a767854c5b41e8d52c5;1518086447.5;71.2966567476;36.0212112738
437aab3f88a56f32a428df1fc6b2c140bebd28cdf7601a767854c5b41e8d52c5;1518086452.0;68.7632084317;35.7064904264
437aab3f88a56f32a428df1fc6b2c140bebd28cdf7601a767854c5b41e8d52c5;1518086455.0;76.1754739935;37.2703767984
437aab3f88a56f32a428df1fc6b2c140bebd28cdf7601a767854c5b41e8d52c5;1518086459.5;82.3194510444;38.4987817824
437aab3f88a56f32a428df1fc6b2c140bebd28cdf7601a767854c5b41e8d52c5;1518086464.0;76.3864033746;37.2586442536
437aab3f88a56f32a428df1fc6b2c140bebd28cdf7601a767854c5b41e8d52c5;1518086467.0;70.1550879758;35.9308709388
437aab3f88a56f32a428df1fc6b2c140bebd28cdf7601a767854c5b41e8d52c5;1518086471.5;64.4932346896;34.7087865942
437aab3f88a56f32a428df1fc6b2c140bebd28cdf7601a767854c5b41e8d52c5;1518086476.0;59.8951088041;33.7051054125
437aab3f88a56f32a428df1fc6b2c140bebd28cdf7601a767854c5b41e8d52c5;1518086479.0;64.95167615;35.0663372313
437aab3f88a56f32a428df1fc6b2c140bebd28cdf7601a767854c5b41e8d52c5;1518086482.0;76.5043645964;32.2330116027
437aab3f88a56f32a428df1fc6b2c140bebd28cdf7601a767854c5b41e8d52c5;1518086483.5;84.6693274236;33.9503060227
437aab3f88a56f32a428df1fc6b2c140bebd28cdf7601a767854c5b41e8d52c5;1518086485.0;90.9970606518;35.685134908
437aab3f88a56f32a428df1fc6b2c140bebd28cdf7601a767854c5b41e8d52c5;1518086488.0;95.3554473203;37.2188446572
437aab3f88a56f32a428df1fc6b2c140bebd28cdf7601a767854c5b41e8d52c5;1518086491.0;99.9998563581;34.2339475237
437aab3f88a56f32a428df1fc6b2c140bebd28cdf7601a767854c5b41e8d52c5;1518086492.5;102.896239829;31.4076058152
437aab3f88a56f32a428df1fc6b2c140bebd28cdf7601a767854c5b41e8d52c5;1518086495.5;104.301599706;29.0305519924
437aab3f88a56f32a428df1fc6b2c140bebd28cdf7601a767854c5b41e8d52c5;1518086497.0;104.565637662;27.2367243884
437aab3f88a56f32a428df1fc6b2c140bebd28cdf7601a767854c5b41e8d52c5;1518086500.0;104.05547172;26.0417377083
437aab3f88a56f32a428df1fc6b2c140bebd28cdf7601a767854c5b41e8d52c5;1518086504.5;103.104568572;25.382383497
437aab3f88a56f32a428df1fc6b2c140bebd28cdf7601a767854c5b41e8d52c5;1518086507.5;101.983671875;25.1519612812
437aab3f88a56f32a428df1fc6b2c140bebd28cdf7601a767854c5b41e8d52c5;1518086509.0;100.889589218;25.228571584
437aab3f88a56f32a428df1fc6b2c140bebd28cdf7601a767854c5b41e8d52c5;1518086512.0;99.9469608116;25.4953682618
437aab3f88a56f32a428df1fc6b2c140bebd28cdf7601a767854c5b41e8d52c5;1518086513.5;99.218249648;25.8531034903
437aab3f88a56f32a428df1fc6b2c140bebd28cdf7601a767854c5b41e8d52c5;1518086515.0;98.7178518098;26.2261262112
437aab3f88a56f32a428df1fc6b2c140bebd28cdf7601a767854c5b41e8d52c5;1518086516.5;98.4271563682;24.463390519
437aab3f88a56f32a428df1fc6b2c140bebd28cdf7601a767854c5b41e8d52c5;1518086518.0;98.3083776761;22.8933469804
437aab3f88a56f32a428df1fc6b2c140bebd28cdf7601a767854c5b41e8d52c5;1518086521.0;98.3158952609;21.6408836753
437aab3f88a56f32a428df1fc6b2c140bebd28cdf7601a767854c5b41e8d52c5;1518086524.0;98.4045845216;20.7482742767
437aab3f88a56f32a428df1fc6b2c140bebd28cdf7601a767854c5b41e8d52c5;1518086525.5;98.5351709371;22.2989145687
437aab3f88a56f32a428df1fc6b2c140bebd28cdf7601a767854c5b41e8d52c5;1518086528.5;98.6769936674;21.7827137239
437aab3f88a56f32a428df1fc6b2c140bebd28cdf7601a767854c5b41e8d52c5;1518086530.0;98.8087467179;21.3513007436
437aab3f88a56f32a428df1fc6b2c140bebd28cdf7601a767854c5b41e8d52c5;1518086533.0;98.9178147277;21.0278479653
437aab3f88a56f32a428df1fc6b2c140bebd28cdf7601a767854c5b41e8d52c5;1518086536.0;98.99877663;22.9141922836
437aab3f88a56f32a428df1fc6b2c140bebd28cdf7601a767854c5b41e8d52c5;1518086537.5;99.0515517293;22.5408275358
437aab3f88a56f32a428df1fc6b2c140bebd28cdf7601a767854c5b41e8d52c5;1518086540.5;99.079540457;24.2093890766
437aab3f88a56f32a428df1fc6b2c140bebd28cdf7601a767854c5b41e8d52c5;1518086542.0;99.087989424;23.5358039162
437aab3f88a56f32a428df1fc6b2c140bebd28cdf7601a767854c5b41e8d52c5;1518086545.0;99.0827025481;22.7873375822
437aab3f88a56f32a428df1fc6b2c140bebd28cdf7601a767854c5b41e8d52c5;1518086546.5;99.0691350167;24.1818856113
437aab3f88a56f32a428df1fc6b2c140bebd28cdf7601a767854c5b41e8d52c5;1518086549.5;99.0518470817;23.3335608429
437aab3f88a56f32a428df1fc6b2c140bebd28cdf7601a767854c5b41e8d52c5;1518086551.0;99.0342586564;24.5962885401
437aab3f88a56f32a428df1fc6b2c140bebd28cdf7601a767854c5b41e8d52c5;1518086552.5;99.0186294946;25.7115161971
437aab3f88a56f32a428df1fc6b2c140bebd28cdf7601a767854c5b41e8d52c5;1518086554.0;99.0061884263;26.5942534401
437aab3f88a56f32a428df1fc6b2c140bebd28cdf7601a767854c5b41e8d52c5;1518086557.0;98.9973436497;27.2177366016
437aab3f88a56f32a428df1fc6b2c140bebd28cdf7601a767854c5b41e8d52c5;1518086558.5;98.9919199478;27.5963279228
437aab3f88a56f32a428df1fc6b2c140bebd28cdf7601a767854c5b41e8d52c5;1518086563.0;96.889384348;31.9693621111
437aab3f88a56f32a428df1fc6b2c140bebd28cdf7601a767854c5b41e8d52c5;1518086566.0;90.8462866255;37.7730874749
437aab3f88a56f32a428df1fc6b2c140bebd28cdf7601a767854c5b41e8d52c5;1518086570.5;87.8121029942;40.3308057457
437aab3f88a56f32a428df1fc6b2c140bebd28cdf7601a767854c5b41e8d52c5;1518086575.0;83.6404010171;41.8302989178
437aab3f88a56f32a428df1fc6b2c140bebd28cdf7601a767854c5b41e8d52c5;1518086578.0;82.7053456074;42.4582578623
437aab3f88a56f32a428df1fc6b2c140bebd28cdf7601a767854c5b41e8d52c5;1518086579.5;67.9236547542;42.4427945881
437aab3f88a56f32a428df1fc6b2c140bebd28cdf7601a767854c5b41e8d52c5;1518086587.0;59.7074079922;39.9110011228
437aab3f88a56f32a428df1fc6b2c140bebd28cdf7601a767854c5b41e8d52c5;1518086591.5;54.0351901179;33.2187377328
437aab3f88a56f32a428df1fc6b2c140bebd28cdf7601a767854c5b41e8d52c5;1518086596.0;59.1114377101;35.7719711571
437aab3f88a56f32a428df1fc6b2c140bebd28cdf7601a767854c5b41e8d52c5;1518086599.0;69.2923475256;36.4620064161
437aab3f88a56f32a428df1fc6b2c140bebd28cdf7601a767854c5b41e8d52c5;1518086603.5;74.6141263338;37.2214335485
437aab3f88a56f32a428df1fc6b2c140bebd28cdf7601a767854c5b41e8d52c5;1518086605.0;70.4555520832;37.9329355748
437aab3f88a56f32a428df1fc6b2c140bebd28cdf7601a767854c5b41e8d52c5;1518086608.0;66.1041736901;36.4261272841
437aab3f88a56f32a428df1fc6b2c140bebd28cdf7601a767854c5b41e8d52c5;1518086611.0;70.5605164576;39.2270013028
437aab3f88a56f32a428df1fc6b2c140bebd28cdf7601a767854c5b41e8d52c5;1518086612.5;62.1359759904;39.6547617553
437aab3f88a56f32a428df1fc6b2c140bebd28cdf7601a767854c5b41e8d52c5;1518086615.5;71.3608676279;39.8525977345
437aab3f88a56f32a428df1fc6b2c140bebd28cdf7601a767854c5b41e8d52c5;1518086617.0;75.8078409078;39.8767478984
437aab3f88a56f32a428df1fc6b2c140bebd28cdf7601a767854c5b41e8d52c5;1518086620.0;79.3344130286;39.7850438875
437aab3f88a56f32a428df1fc6b2c140bebd28cdf7601a767854c5b41e8d52c5;1518086623.0;86.0307193111;39.6292684041
437aab3f88a56f32a428df1fc6b2c140bebd28cdf7601a767854c5b41e8d52c5;1518086624.5;89.1370552791;39.4509289604
437aab3f88a56f32a428df1fc6b2c140bebd28cdf7601a767854c5b41e8d52c5;1518086629.0;82.4943843866;47.6797695244
437aab3f88a56f32a428df1fc6b2c140bebd28cdf7601a767854c5b41e8d52c5;1518086632.0;75.7885862191;54.9052441242
437aab3f88a56f32a428df1fc6b2c140bebd28cdf7601a767854c5b41e8d52c5;1518086635.0;78.2632155984;52.1934102089
437aab3f88a56f32a428df1fc6b2c140bebd28cdf7601a767854c5b41e8d52c5;1518086636.5;80.9419807842;46.7145254133
437aab3f88a56f32a428df1fc6b2c140bebd28cdf7601a767854c5b41e8d52c5;1518086641.0;81.3252855088;45.6732209331
437aab3f88a56f32a428df1fc6b2c140bebd28cdf7601a767854c5b41e8d52c5;1518086644.0;83.634586105;42.8139034566
437aab3f88a56f32a428df1fc6b2c140bebd28cdf7601a767854c5b41e8d52c5;1518086650.0;83.4478946947;40.4881439235
437aab3f88a56f32a428df1fc6b2c140bebd28cdf7601a767854c5b41e8d52c5;1518086653.0;85.1266781779;38.7941025963
437aab3f88a56f32a428df1fc6b2c140bebd28cdf7601a767854c5b41e8d52c5;1518086657.5;84.3473693652;37.7181981656
437aab3f88a56f32a428df1fc6b2c140bebd28cdf7601a767854c5b41e8d52c5;1518086662.0;83.4307658897;39.2758810104
437aab3f88a56f32a428df1fc6b2c140bebd28cdf7601a767854c5b41e8d52c5;1518086665.0;82.5372048091;38.8895794357
437aab3f88a56f32a428df1fc6b2c140bebd28cdf7601a767854c5b41e8d52c5;1518086669.5;81.7680825176;38.6520099313
437aab3f88a56f32a428df1fc6b2c140bebd28cdf7601a767854c5b41e8d52c5;1518086672.5;81.1740629197;40.6402185368
437aab3f88a56f32a428df1fc6b2c140bebd28cdf7601a767854c5b41e8d52c5;1518086674.0;74.4666274735;46.6666273597
437aab3f88a56f32a428df1fc6b2c140bebd28cdf7601a767854c5b41e8d52c5;1518086677.0;77.1021325679;45.549631243
437aab3f88a56f32a428df1fc6b2c140bebd28cdf7601a767854c5b41e8d52c5;1518086681.5;82.1276996397;44.0212539398
437aab3f88a56f32a428df1fc6b2c140bebd28cdf7601a767854c5b41e8d52c5;1518086684.5;88.8261750305;38.2127050852
437aab3f88a56f32a428df1fc6b2c140bebd28cdf7601a767854c5b41e8d52c5;1518086686.0;94.4264775933;33.0635919567
437aab3f88a56f32a428df1fc6b2c140bebd28cdf7601a767854c5b41e8d52c5;1518086689.0;98.6269307539;28.9738784085
437aab3f88a56f32a428df1fc6b2c140bebd28cdf7601a767854c5b41e8d52c5;1518086692.0;101.402926291;26.0737644971
437aab3f88a56f32a428df1fc6b2c140bebd28cdf7601a767854c5b41e8d52c5;1518086693.5;102.912964919;22.2021543039
437aab3f88a56f32a428df1fc6b2c140bebd28cdf7601a767854c5b41e8d52c5;1518086695.0;103.415151825;21.638343776
437aab3f88a56f32a428df1fc6b2c140bebd28cdf7601a767854c5b41e8d52c5;1518086696.5;103.200717215;21.9286698203
437aab3f88a56f32a428df1fc6b2c140bebd28cdf7601a767854c5b41e8d52c5;1518086698.0;102.54674686;20.6386196961
437aab3f88a56f32a428df1fc6b2c140bebd28cdf7601a767854c5b41e8d52c5;1518086701.0;101.687189639;21.9443562027
437aab3f88a56f32a428df1fc6b2c140bebd28cdf7601a767854c5b41e8d52c5;1518086702.5;98.6992967143;27.6124012971
437aab3f88a56f32a428df1fc6b2c140bebd28cdf7601a767854c5b41e8d52c5;1518086705.5;98.1590024658;28.4916114495
437aab3f88a56f32a428df1fc6b2c140bebd28cdf7601a767854c5b41e8d52c5;1518086707.0;97.9108334022;26.7803756461
437aab3f88a56f32a428df1fc6b2c140bebd28cdf7601a767854c5b41e8d52c5;1518086710.0;97.8829464191;24.9599763572
437aab3f88a56f32a428df1fc6b2c140bebd28cdf7601a767854c5b41e8d52c5;1518086714.5;98.0016589438;23.2916197156
437aab3f88a56f32a428df1fc6b2c140bebd28cdf7601a767854c5b41e8d52c5;1518086716.0;94.0011188642;-3.27353551652
437aab3f88a56f32a428df1fc6b2c140bebd28cdf7601a767854c5b41e8d52c5;1518086717.5;94.7431307516;-13.7873783167
437aab3f88a56f32a428df1fc6b2c140bebd28cdf7601a767854c5b41e8d52c5;1518086719.0;95.7469049613;-16.5699222929
437aab3f88a56f32a428df1fc6b2c140bebd28cdf7601a767854c5b41e8d52c5;1518086722.0;96.7978623399;-8.31626039666
437aab3f88a56f32a428df1fc6b2c140bebd28cdf7601a767854c5b41e8d52c5;1518086723.5;95.6507464993;-20.3601382655
437aab3f88a56f32a428df1fc6b2c140bebd28cdf7601a767854c5b41e8d52c5;1518086726.5;96.6804047568;-17.8720419427
437aab3f88a56f32a428df1fc6b2c140bebd28cdf7601a767854c5b41e8d52c5;1518086728.0;97.6338330414;-14.4329541949
437aab3f88a56f32a428df1fc6b2c140bebd28cdf7601a767854c5b41e8d52c5;1518086731.0;98.4209168789;-10.79701027
437aab3f88a56f32a428df1fc6b2c140bebd28cdf7601a767854c5b41e8d52c5;1518086734.0;96.9034590556;-5.37851296068
437aab3f88a56f32a428df1fc6b2c140bebd28cdf7601a767854c5b41e8d52c5;1518086735.5;97.5389377361;-2.93012187196
437aab3f88a56f32a428df1fc6b2c140bebd28cdf7601a767854c5b41e8d52c5;1518086740.0;98.1309790058;-5.54722773498
437aab3f88a56f32a428df1fc6b2c140bebd28cdf7601a767854c5b41e8d52c5;1518086743.0;96.5222609028;-16.8063111484
437aab3f88a56f32a428df1fc6b2c140bebd28cdf7601a767854c5b41e8d52c5;1518086746.0;97.1451171754;-22.6434422515
437aab3f88a56f32a428df1fc6b2c140bebd28cdf7601a767854c5b41e8d52c5;1518086747.5;97.7771968985;-22.7712557926
437aab3f88a56f32a428df1fc6b2c140bebd28cdf7601a767854c5b41e8d52c5;1518086750.5;98.3378420985;-26.1023557598
437aab3f88a56f32a428df1fc6b2c140bebd28cdf7601a767854c5b41e8d52c5;1518086752.0;96.6833758214;-32.5775321579
437aab3f88a56f32a428df1fc6b2c140bebd28cdf7601a767854c5b41e8d52c5;1518086755.0;97.2567592032;-29.1731491273
437aab3f88a56f32a428df1fc6b2c140bebd28cdf7601a767854c5b41e8d52c5;1518086759.5;97.8430053989;-25.2240893893
437aab3f88a56f32a428df1fc6b2c140bebd28cdf7601a767854c5b41e8d52c5;1518086761.0;96.2657972648;-29.8047496094
437aab3f88a56f32a428df1fc6b2c140bebd28cdf7601a767854c5b41e8d52c5;1518086762.5;96.9405518127;-25.5085969254
437aab3f88a56f32a428df1fc6b2c140bebd28cdf7601a767854c5b41e8d52c5;1518086764.0;97.6314246718;-21.4287945574
437aab3f88a56f32a428df1fc6b2c140bebd28cdf7601a767854c5b41e8d52c5;1518086767.0;98.2481425079;-22.1893956849
437aab3f88a56f32a428df1fc6b2c140bebd28cdf7601a767854c5b41e8d52c5;1518086768.5;96.6411116441;-27.4730854464
437aab3f88a56f32a428df1fc6b2c140bebd28cdf7601a767854c5b41e8d52c5;1518086770.0;97.2505054063;-23.9195308242
437aab3f88a56f32a428df1fc6b2c140bebd28cdf7601a767854c5b41e8d52c5;1518086771.5;97.8609244394;-24.7170777938
437aab3f88a56f32a428df1fc6b2c140bebd28cdf7601a767854c5b41e8d52c5;1518086773.0;96.2972335671;-29.7151412943
437aab3f88a56f32a428df1fc6b2c140bebd28cdf7601a767854c5b41e8d52c5;1518086776.0;94.8769233882;-34.101277761
437aab3f88a56f32a428df1fc6b2c140bebd28cdf7601a767854c5b41e8d52c5;1518086780.5;93.7237986568;-37.5523599387
437aab3f88a56f32a428df1fc6b2c140bebd28cdf7601a767854c5b41e8d52c5;1518086783.5;99.1856022459;-33.6728992617
437aab3f88a56f32a428df1fc6b2c140bebd28cdf7601a767854c5b41e8d52c5;1518086785.0;104.183038304;-29.5988196621
437aab3f88a56f32a428df1fc6b2c140bebd28cdf7601a767854c5b41e8d52c5;1518086788.0;104.066449549;-27.9973125138
437aab3f88a56f32a428df1fc6b2c140bebd28cdf7601a767854c5b41e8d52c5;1518086789.5;107.570026789;-24.7341620844
437aab3f88a56f32a428df1fc6b2c140bebd28cdf7601a767854c5b41e8d52c5;1518086792.5;103.967523713;-28.45567945
437aab3f88a56f32a428df1fc6b2c140bebd28cdf7601a767854c5b41e8d52c5;1518086794.0;100.282375059;-32.166345005
437aab3f88a56f32a428df1fc6b2c140bebd28cdf7601a767854c5b41e8d52c5;1518086797.0;94.894937489;-39.6154003526
437aab3f88a56f32a428df1fc6b2c140bebd28cdf7601a767854c5b41e8d52c5;1518086800.0;90.4259732262;-45.8518997854
437aab3f88a56f32a428df1fc6b2c140bebd28cdf7601a767854c5b41e8d52c5;1518086804.5;85.0014647351;-52.636266693
437aab3f88a56f32a428df1fc6b2c140bebd28cdf7601a767854c5b41e8d52c5;1518086806.0;83.0853547859;-55.480662513
437aab3f88a56f32a428df1fc6b2c140bebd28cdf7601a767854c5b41e8d52c5;1518086809.0;82.3194273576;-56.7806386382
437aab3f88a56f32a428df1fc6b2c140bebd28cdf7601a767854c5b41e8d52c5;1518086813.5;80.2949446779;-59.0174948864
437aab3f88a56f32a428df1fc6b2c140bebd28cdf7601a767854c5b41e8d52c5;1518086821.0;79.0654002131;-56.0243083241
437aab3f88a56f32a428df1fc6b2c140bebd28cdf7601a767854c5b41e8d52c5;1518086824.0;78.5031847848;-52.728259289
437aab3f88a56f32a428df1fc6b2c140bebd28cdf7601a767854c5b41e8d52c5;1518086825.5;78.4436046203;-49.6391156532
437aab3f88a56f32a428df1fc6b2c140bebd28cdf7601a767854c5b41e8d52c5;1518086828.5;78.7180359474;-47.0628806224
437aab3f88a56f32a428df1fc6b2c140bebd28cdf7601a767854c5b41e8d52c5;1518086830.0;79.1759569065;-45.1356249762
437aab3f88a56f32a428df1fc6b2c140bebd28cdf7601a767854c5b41e8d52c5;1518086833.0;77.5970508088;-45.9662947466
437aab3f88a56f32a428df1fc6b2c140bebd28cdf7601a767854c5b41e8d52c5;1518086836.0;78.3526231212;-45.0228589908
437aab3f88a56f32a428df1fc6b2c140bebd28cdf7601a767854c5b41e8d52c5;1518086837.5;79.168048792;-44.4068255232
437aab3f88a56f32a428df1fc6b2c140bebd28cdf7601a767854c5b41e8d52c5;1518086842.0;77.8224895009;-46.1790676427
437aab3f88a56f32a428df1fc6b2c140bebd28cdf7601a767854c5b41e8d52c5;1518086845.0;76.6021209979;-47.9215892341
437aab3f88a56f32a428df1fc6b2c140bebd28cdf7601a767854c5b41e8d52c5;1518086846.5;69.3126216487;-45.2313335874
437aab3f88a56f32a428df1fc6b2c140bebd28cdf7601a767854c5b41e8d52c5;1518086848.0;71.4661509197;-44.8193290525
437aab3f88a56f32a428df1fc6b2c140bebd28cdf7601a767854c5b41e8d52c5;1518086849.5;71.9338414582;-46.6736582959
437aab3f88a56f32a428df1fc6b2c140bebd28cdf7601a767854c5b41e8d52c5;1518086851.0;66.3134447296;-35.8089491629
437aab3f88a56f32a428df1fc6b2c140bebd28cdf7601a767854c5b41e8d52c5;1518086852.5;69.9192898767;-36.697791954
437aab3f88a56f32a428df1fc6b2c140bebd28cdf7601a767854c5b41e8d52c5;1518086854.0;73.6204762123;-38.2925602538
437aab3f88a56f32a428df1fc6b2c140bebd28cdf7601a767854c5b41e8d52c5;1518086857.0;74.8302389945;-42.2508210176
437aab3f88a56f32a428df1fc6b2c140bebd28cdf7601a767854c5b41e8d52c5;1518086858.5;73.5373805261;-47.9954649394
437aab3f88a56f32a428df1fc6b2c140bebd28cdf7601a767854c5b41e8d52c5;1518086861.5;76.3411934072;-48.6325390335
437aab3f88a56f32a428df1fc6b2c140bebd28cdf7601a767854c5b41e8d52c5;1518086863.0;76.6343755875;-50.7016511631
437aab3f88a56f32a428df1fc6b2c140bebd28cdf7601a767854c5b41e8d52c5;1518086866.0;78.7247329953;-49.9831217798
437aab3f88a56f32a428df1fc6b2c140bebd28cdf7601a767854c5b41e8d52c5;1518086869.0;80.3621855184;-48.9056452627
437aab3f88a56f32a428df1fc6b2c140bebd28cdf7601a767854c5b41e8d52c5;1518086870.5;79.4046619324;-49.8268439818
437aab3f88a56f32a428df1fc6b2c140bebd28cdf7601a767854c5b41e8d52c5;1518086873.5;80.3427005148;-48.4693347615
437aab3f88a56f32a428df1fc6b2c140bebd28cdf7601a767854c5b41e8d52c5;1518086875.0;81.0329447803;-47.16196026
437aab3f88a56f32a428df1fc6b2c140bebd28cdf7601a767854c5b41e8d52c5;1518086878.0;81.4775678173;-46.0473267022
437aab3f88a56f32a428df1fc6b2c140bebd28cdf7601a767854c5b41e8d52c5;1518086881.0;81.7080707337;-45.1945173686
437aab3f88a56f32a428df1fc6b2c140bebd28cdf7601a767854c5b41e8d52c5;1518086882.5;79.6711589645;-46.7163629241
437aab3f88a56f32a428df1fc6b2c140bebd28cdf7601a767854c5b41e8d52c5;1518086885.5;79.8749493414;-46.130308077
437aab3f88a56f32a428df1fc6b2c140bebd28cdf7601a767854c5b41e8d52c5;1518086887.0;80.145231792;-45.6109096869
437aab3f88a56f32a428df1fc6b2c140bebd28cdf7601a767854c5b41e8d52c5;1518086890.0;80.4256244904;-45.1984642967
437aab3f88a56f32a428df1fc6b2c140bebd28cdf7601a767854c5b41e8d52c5;1518086893.0;80.6782407443;-44.9060629168
437aab3f88a56f32a428df1fc6b2c140bebd28cdf7601a767854c5b41e8d52c5;1518086894.5;78.7818568181;-46.8275093125
437aab3f88a56f32a428df1fc6b2c140bebd28cdf7601a767854c5b41e8d52c5;1518086897.5;79.1859298059;-46.4875795789
437aab3f88a56f32a428df1fc6b2c140bebd28cdf7601a767854c5b41e8d52c5;1518086899.0;77.5708008468;-48.1843967537
437aab3f88a56f32a428df1fc6b2c140bebd28cdf7601a767854c5b41e8d52c5;1518086902.0;76.2060439196;-49.632239315
437aab3f88a56f32a428df1fc6b2c140bebd28cdf7601a767854c5b41e8d52c5;1518086905.0;77.2712115367;-48.6408876637
437aab3f88a56f32a428df1fc6b2c140bebd28cdf7601a767854c5b41e8d52c5;1518086906.5;76.3203470747;-49.6505003516
437aab3f88a56f32a428df1fc6b2c140bebd28cdf7601a767854c5b41e8d52c5;1518086908.0;77.6405426577;-48.3720623056
437aab3f88a56f32a428df1fc6b2c140bebd28cdf7601a767854c5b41e8d52c5;1518086909.5;78.910203311;-47.1279999433
437aab3f88a56f32a428df1fc6b2c140bebd28cdf7601a767854c5b41e8d52c5;1518086911.0;79.9914828301;-46.0586794148
437aab3f88a56f32a428df1fc6b2c140bebd28cdf7601a767854c5b41e8d52c5;1518086914.0;78.7178578709;-47.3339328429
437aab3f88a56f32a428df1fc6b2c140bebd28cdf7601a767854c5b41e8d52c5;1518086915.5;71.1345640582;-44.4119407979
437aab3f88a56f32a428df1fc6b2c140bebd28cdf7601a767854c5b41e8d52c5;1518086918.5;70.7739389828;-46.049683221
437aab3f88a56f32a428df1fc6b2c140bebd28cdf7601a767854c5b41e8d52c5;1518086920.0;64.7572251584;-43.5206296014
437aab3f88a56f32a428df1fc6b2c140bebd28cdf7601a767854c5b41e8d52c5;1518086923.0;61.9961010906;-47.6229676224
437aab3f88a56f32a428df1fc6b2c140bebd28cdf7601a767854c5b41e8d52c5;1518086926.0;66.624348063;-47.2381738024
437aab3f88a56f32a428df1fc6b2c140bebd28cdf7601a767854c5b41e8d52c5;1518086927.5;69.2937259573;-48.8138815286
437aab3f88a56f32a428df1fc6b2c140bebd28cdf7601a767854c5b41e8d52c5;1518086929.0;73.8278401588;-50.1058910634
437aab3f88a56f32a428df1fc6b2c140bebd28cdf7601a767854c5b41e8d52c5;1518086930.5;77.6536039704;-53.1552256057
437aab3f88a56f32a428df1fc6b2c140bebd28cdf7601a767854c5b41e8d52c5;1518086932.0;78.4502839615;-53.5082779215
437aab3f88a56f32a428df1fc6b2c140bebd28cdf7601a767854c5b41e8d52c5;1518086935.0;80.6454661705;-51.3304978814
437aab3f88a56f32a428df1fc6b2c140bebd28cdf7601a767854c5b41e8d52c5;1518086938.0;82.1157650004;-49.1394548649
437aab3f88a56f32a428df1fc6b2c140bebd28cdf7601a767854c5b41e8d52c5;1518086939.5;82.9347780273;-47.2081936832
437aab3f88a56f32a428df1fc6b2c140bebd28cdf7601a767854c5b41e8d52c5;1518086942.5;83.2301261865;-45.6823701889
437aab3f88a56f32a428df1fc6b2c140bebd28cdf7601a767854c5b41e8d52c5;1518086944.0;83.1489120321;-44.6069945695
437aab3f88a56f32a428df1fc6b2c140bebd28cdf7601a767854c5b41e8d52c5;1518086947.0;80.7328811078;-46.0561435821
437aab3f88a56f32a428df1fc6b2c140bebd28cdf7601a767854c5b41e8d52c5;1518086950.0;80.5601830713;-49.7037128515
437aab3f88a56f32a428df1fc6b2c140bebd28cdf7601a767854c5b41e8d52c5;1518086951.5;78.4018069213;-50.8684280523
437aab3f88a56f32a428df1fc6b2c140bebd28cdf7601a767854c5b41e8d52c5;1518086954.5;78.682141076;-49.5416104964
437aab3f88a56f32a428df1fc6b2c140bebd28cdf7601a767854c5b41e8d52c5;1518086956.0;79.1482959947;-48.1228317993
437aab3f88a56f32a428df1fc6b2c140bebd28cdf7601a767854c5b41e8d52c5;1518086959.0;79.6781304325;-46.8180787507
437aab3f88a56f32a428df1fc6b2c140bebd28cdf7601a767854c5b41e8d52c5;1518086962.0;80.1844518391;-45.7472746222
437aab3f88a56f32a428df1fc6b2c140bebd28cdf7601a767854c5b41e8d52c5;1518086963.5;78.5134654031;-47.0597107974
437aab3f88a56f32a428df1fc6b2c140bebd28cdf7601a767854c5b41e8d52c5;1518086965.0;79.0969247078;-46.2954797387
437aab3f88a56f32a428df1fc6b2c140bebd28cdf7601a767854c5b41e8d52c5;1518086968.0;77.6092999792;-47.7400332825
437aab3f88a56f32a428df1fc6b2c140bebd28cdf7601a767854c5b41e8d52c5;1518086971.0;78.4227046581;-46.9783390088
437aab3f88a56f32a428df1fc6b2c140bebd28cdf7601a767854c5b41e8d52c5;1518086972.5;79.2671363788;-46.2408912024
437aab3f88a56f32a428df1fc6b2c140bebd28cdf7601a767854c5b41e8d52c5;1518086974.0;80.0282927908;-49.8095409559
437aab3f88a56f32a428df1fc6b2c140bebd28cdf7601a767854c5b41e8d52c5;1518086975.5;78.5420785918;-50.9099945286
437aab3f88a56f32a428df1fc6b2c140bebd28cdf7601a767854c5b41e8d52c5;1518086977.0;70.8421347349;-53.7363150211
437aab3f88a56f32a428df1fc6b2c140bebd28cdf7601a767854c5b41e8d52c5;1518086980.0;72.5415097229;-51.7732247511
437aab3f88a56f32a428df1fc6b2c140bebd28cdf7601a767854c5b41e8d52c5;1518086983.0;74.6822685241;-49.6674960436
437aab3f88a56f32a428df1fc6b2c140bebd28cdf7601a767854c5b41e8d52c5;1518086984.5;74.7476838506;-49.8270041184
437aab3f88a56f32a428df1fc6b2c140bebd28cdf7601a767854c5b41e8d52c5;1518086987.5;76.9211125412;-47.9743763625
437aab3f88a56f32a428df1fc6b2c140bebd28cdf7601a767854c5b41e8d52c5;1518086989.0;76.7335049037;-48.5058072168
437aab3f88a56f32a428df1fc6b2c140bebd28cdf7601a767854c5b41e8d52c5;1518086992.0;78.4992055887;-47.056775888
437aab3f88a56f32a428df1fc6b2c140bebd28cdf7601a767854c5b41e8d52c5;1518086995.0;79.9532583493;-45.862950478
437aab3f88a56f32a428df1fc6b2c140bebd28cdf7601a767854c5b41e8d52c5;1518086996.5;78.9266184959;-47.081252528
437aab3f88a56f32a428df1fc6b2c140bebd28cdf7601a767854c5b41e8d52c5;1518086999.5;79.8782918255;-46.2531954257
437aab3f88a56f32a428df1fc6b2c140bebd28cdf7601a767854c5b41e8d52c5;1518087001.0;80.634288741;-45.5614418697
437aab3f88a56f32a428df1fc6b2c140bebd28cdf7601a767854c5b41e8d52c5;1518087004.0;79.0704863654;-47.1430254292
437aab3f88a56f32a428df1fc6b2c140bebd28cdf7601a767854c5b41e8d52c5;1518087007.0;79.6553802415;-46.5435341278
437aab3f88a56f32a428df1fc6b2c140bebd28cdf7601a767854c5b41e8d52c5;1518087008.5;78.1002771813;-48.0647818512
437aab3f88a56f32a428df1fc6b2c140bebd28cdf7601a767854c5b41e8d52c5;1518087011.5;78.8096762375;-47.3131570947
437aab3f88a56f32a428df1fc6b2c140bebd28cdf7601a767854c5b41e8d52c5;1518087013.0;81.639100285;-48.6412392588
437aab3f88a56f32a428df1fc6b2c140bebd28cdf7601a767854c5b41e8d52c5;1518087016.0;82.0349361309;-51.8934408563
437aab3f88a56f32a428df1fc6b2c140bebd28cdf7601a767854c5b41e8d52c5;1518087019.0;82.1654497547;-52.5329253898
437aab3f88a56f32a428df1fc6b2c140bebd28cdf7601a767854c5b41e8d52c5;1518087020.5;71.6075160152;-59.0608069763
437aab3f88a56f32a428df1fc6b2c140bebd28cdf7601a767854c5b41e8d52c5;1518087023.5;58.0204383727;-64.5214811529
437aab3f88a56f32a428df1fc6b2c140bebd28cdf7601a767854c5b41e8d52c5;1518087025.0;46.8588342044;-68.6195379265
437aab3f88a56f32a428df1fc6b2c140bebd28cdf7601a767854c5b41e8d52c5;1518087028.0;38.641084305;-71.3298814333
437aab3f88a56f32a428df1fc6b2c140bebd28cdf7601a767854c5b41e8d52c5;1518087032.5;43.843514043;-70.7061942372
437aab3f88a56f32a428df1fc6b2c140bebd28cdf7601a767854c5b41e8d52c5;1518087035.5;54.5067629024;-67.2567887656
437aab3f88a56f32a428df1fc6b2c140bebd28cdf7601a767854c5b41e8d52c5;1518087037.0;60.4832962055;-65.8582185853
437aab3f88a56f32a428df1fc6b2c140bebd28cdf7601a767854c5b41e8d52c5;1518087040.0;65.4113390673;-64.5990161914
437aab3f88a56f32a428df1fc6b2c140bebd28cdf7601a767854c5b41e8d52c5;1518087041.5;73.2541778918;-61.484655152
437aab3f88a56f32a428df1fc6b2c140bebd28cdf7601a767854c5b41e8d52c5;1518087044.5;75.1008863359;-61.0109502202
437aab3f88a56f32a428df1fc6b2c140bebd28cdf7601a767854c5b41e8d52c5;1518087046.0;79.7538882485;-58.8467006125
437aab3f88a56f32a428df1fc6b2c140bebd28cdf7601a767854c5b41e8d52c5;1518087049.0;78.7309881812;-59.3137175426
437aab3f88a56f32a428df1fc6b2c140bebd28cdf7601a767854c5b41e8d52c5;1518087053.5;76.8740570853;-60.0688481481
437aab3f88a56f32a428df1fc6b2c140bebd28cdf7601a767854c5b41e8d52c5;1518087056.5;74.70247988;-60.9187491436
437aab3f88a56f32a428df1fc6b2c140bebd28cdf7601a767854c5b41e8d52c5;1518087058.0;70.4924009112;-61.7261380205
437aab3f88a56f32a428df1fc6b2c140bebd28cdf7601a767854c5b41e8d52c5;1518087061.0;68.9380304699;-62.406988883
437aab3f88a56f32a428df1fc6b2c140bebd28cdf7601a767854c5b41e8d52c5;1518087064.0;67.9352809505;-62.9221858055
437aab3f88a56f32a428df1fc6b2c140bebd28cdf7601a767854c5b41e8d52c5;1518087065.5;63.2139218464;-65.3665960439
437aab3f88a56f32a428df1fc6b2c140bebd28cdf7601a767854c5b41e8d52c5;1518087068.5;59.3838330026;-67.4005546835
437aab3f88a56f32a428df1fc6b2c140bebd28cdf7601a767854c5b41e8d52c5;1518087070.0;56.6022557113;-68.9185598505
437aab3f88a56f32a428df1fc6b2c140bebd28cdf7601a767854c5b41e8d52c5;1518087073.0;54.8429541473;-69.9152396274
437aab3f88a56f32a428df1fc6b2c140bebd28cdf7601a767854c5b41e8d52c5;1518087076.0;47.6636462477;-70.450964628
437aab3f88a56f32a428df1fc6b2c140bebd28cdf7601a767854c5b41e8d52c5;1518087077.5;46.1357994476;-70.6214427115
437aab3f88a56f32a428df1fc6b2c140bebd28cdf7601a767854c5b41e8d52c5;1518087080.5;41.5385635952;-70.5336267336
437aab3f88a56f32a428df1fc6b2c140bebd28cdf7601a767854c5b41e8d52c5;1518087082.0;44.5393862507;-70.2886770731
437aab3f88a56f32a428df1fc6b2c140bebd28cdf7601a767854c5b41e8d52c5;1518087085.0;45.9163461611;-69.9715968523
437aab3f88a56f32a428df1fc6b2c140bebd28cdf7601a767854c5b41e8d52c5;1518087088.0;43.2341176981;-69.6464740944
437aab3f88a56f32a428df1fc6b2c140bebd28cdf7601a767854c5b41e8d52c5;1518087089.5;36.7719897792;-69.3559512252
437aab3f88a56f32a428df1fc6b2c140bebd28cdf7601a767854c5b41e8d52c5;1518087094.0;31.3745378839;-69.1235073351
437aab3f88a56f32a428df1fc6b2c140bebd28cdf7601a767854c5b41e8d52c5;1518087097.0;31.5303132612;-68.957289158
437aab3f88a56f32a428df1fc6b2c140bebd28cdf7601a767854c5b41e8d52c5;1518087101.5;32.5466038819;-68.8544794211
437aab3f88a56f32a428df1fc6b2c140bebd28cdf7601a767854c5b41e8d52c5;1518087103.0;29.7977338099;-68.8054793629
437aab3f88a56f32a428df1fc6b2c140bebd28cdf7601a767854c5b41e8d52c5;1518087106.0;27.6682458713;-68.7974581032
437aab3f88a56f32a428df1fc6b2c140bebd28cdf7601a767854c5b41e8d52c5;1518087109.0;19.902218592;-68.8170556667
437aab3f88a56f32a428df1fc6b2c140bebd28cdf7601a767854c5b41e8d52c5;1518087113.5;13.518779083;-68.8522047639
437aab3f88a56f32a428df1fc6b2c140bebd28cdf7601a767854c5b41e8d52c5;1518087115.0;8.81599296442;-68.8931565934
437aab3f88a56f32a428df1fc6b2c140bebd28cdf7601a767854c5b41e8d52c5;1518087118.0;1.58172284922;-68.9328635999
437aab3f88a56f32a428df1fc6b2c140bebd28cdf7601a767854c5b41e8d52c5;1518087121.0;0.518186225307;-68.9668973632
437aab3f88a56f32a428df1fc6b2c140bebd28cdf7601a767854c5b41e8d52c5;1518087122.5;0.865909607164;-68.9930743823
437aab3f88a56f32a428df1fc6b2c140bebd28cdf7601a767854c5b41e8d52c5;1518087125.5;-10.5116441215;-69.0109378329
437aab3f88a56f32a428df1fc6b2c140bebd28cdf7601a767854c5b41e8d52c5;1518087127.0;-15.7268776403;-69.0212091913
437aab3f88a56f32a428df1fc6b2c140bebd28cdf7601a767854c5b41e8d52c5;1518087130.0;-14.8277369165;-69.0252874483
437aab3f88a56f32a428df1fc6b2c140bebd28cdf7601a767854c5b41e8d52c5;1518087133.0;-16.9943976738;-69.0248406029
437aab3f88a56f32a428df1fc6b2c140bebd28cdf7601a767854c5b41e8d52c5;1518087134.5;-22.358413451;-69.0215071796
437aab3f88a56f32a428df1fc6b2c140bebd28cdf7601a767854c5b41e8d52c5;1518087137.5;-39.0136180584;-69.0167058249
437aab3f88a56f32a428df1fc6b2c140bebd28cdf7601a767854c5b41e8d52c5;1518087139.0;-52.7778328411;-69.0115384808
437aab3f88a56f32a428df1fc6b2c140bebd28cdf7601a767854c5b41e8d52c5;1518087142.0;-62.9767879268;-69.0067662433
437aab3f88a56f32a428df1fc6b2c140bebd28cdf7601a767854c5b41e8d52c5;1518087145.0;-71.7089522115;-66.9028354241
437aab3f88a56f32a428df1fc6b2c140bebd28cdf7601a767854c5b41e8d52c5;1518087146.5;-70.7530123506;-67.1571830521
437aab3f88a56f32a428df1fc6b2c140bebd28cdf7601a767854c5b41e8d52c5;1518087149.5;-71.9119074281;-67.5482540865
437aab3f88a56f32a428df1fc6b2c140bebd28cdf7601a767854c5b41e8d52c5;1518087151.0;-67.3734805685;-67.9802891332
437aab3f88a56f32a428df1fc6b2c140bebd28cdf7601a767854c5b41e8d52c5;1518087154.0;-62.4177517402;-68.3860264948
437aab3f88a56f32a428df1fc6b2c140bebd28cdf7601a767854c5b41e8d52c5;1518087158.5;-49.3978534135;-68.7249675342
437aab3f88a56f32a428df1fc6b2c140bebd28cdf7601a767854c5b41e8d52c5;1518087160.0;-33.9911824581;-68.9789706869
437aab3f88a56f32a428df1fc6b2c140bebd28cdf7601a767854c5b41e8d52c5;1518087161.5;-38.4504264859;-69.146648827
437aab3f88a56f32a428df1fc6b2c140bebd28cdf7601a767854c5b41e8d52c5;1518087163.0;-40.1562578595;-69.2376751367
437aab3f88a56f32a428df1fc6b2c140bebd28cdf7601a767854c5b41e8d52c5;1518087166.0;-42.5934066645;-69.2677270338
437aab3f88a56f32a428df1fc6b2c140bebd28cdf7601a767854c5b41e8d52c5;1518087167.5;-45.2073610714;-69.2544642053
437aab3f88a56f32a428df1fc6b2c140bebd28cdf7601a767854c5b41e8d52c5;1518087170.5;-47.6160297046;-69.2146715016
437aab3f88a56f32a428df1fc6b2c140bebd28cdf7601a767854c5b41e8d52c5;1518087172.0;-45.3962006774;-69.1625089853
437aab3f88a56f32a428df1fc6b2c140bebd28cdf7601a767854c5b41e8d52c5;1518087175.0;-47.3697772267;-69.1086959989
437aab3f88a56f32a428df1fc6b2c140bebd28cdf7601a767854c5b41e8d52c5;1518087178.0;-53.2973042735;-69.060402298
437aab3f88a56f32a428df1fc6b2c140bebd28cdf7601a767854c5b41e8d52c5;1518087179.5;-58.3387770804;-69.0216121108
437aab3f88a56f32a428df1fc6b2c140bebd28cdf7601a767854c5b41e8d52c5;1518087182.5;-62.1867342126;-68.9937510056
437aab3f88a56f32a428df1fc6b2c140bebd28cdf7601a767854c5b41e8d52c5;1518087184.0;-64.7875314074;-68.976406789
437aab3f88a56f32a428df1fc6b2c140bebd28cdf7601a767854c5b41e8d52c5;1518087187.0;-66.2590769867;-68.9680232166
437aab3f88a56f32a428df1fc6b2c140bebd28cdf7601a767854c5b41e8d52c5;1518087190.0;-68.9163446823;-66.8664910505
437aab3f88a56f32a428df1fc6b2c140bebd28cdf7601a767854c5b41e8d52c5;1518087191.5;-70.6538164609;-65.0268499888
437aab3f88a56f32a428df1fc6b2c140bebd28cdf7601a767854c5b41e8d52c5;1518087194.5;-71.5805806005;-63.5827941751
437aab3f88a56f32a428df1fc6b2c140bebd28cdf7601a767854c5b41e8d52c5;1518087196.0;-73.9668561677;-64.6727656098
437aab3f88a56f32a428df1fc6b2c140bebd28cdf7601a767854c5b41e8d52c5;1518087199.0;-73.5444954058;-63.8113332551
437aab3f88a56f32a428df1fc6b2c140bebd28cdf7601a767854c5b41e8d52c5;1518087202.0;-72.7132602234;-63.1520139008
437aab3f88a56f32a428df1fc6b2c140bebd28cdf7601a767854c5b41e8d52c5;1518087203.5;-73.8180829775;-58.5048346177
437aab3f88a56f32a428df1fc6b2c140bebd28cdf7601a767854c5b41e8d52c5;1518087208.0;-72.5810026029;-56.664825843
437aab3f88a56f32a428df1fc6b2c140bebd28cdf7601a767854c5b41e8d52c5;1518087211.0;-73.4382275405;-53.4098789736
437aab3f88a56f32a428df1fc6b2c140bebd28cdf7601a767854c5b41e8d52c5;1518087212.5;-67.8867408763;-46.7989533343
437aab3f88a56f32a428df1fc6b2c140bebd28cdf7601a767854c5b41e8d52c5;1518087215.5;-71.3446487872;-49.9464798853
437aab3f88a56f32a428df1fc6b2c140bebd28cdf7601a767854c5b41e8d52c5;1518087217.0;-72.6750694528;-49.3914283575
437aab3f88a56f32a428df1fc6b2c140bebd28cdf7601a767854c5b41e8d52c5;1518087220.0;-73.8246468775;-49.2276948906
437aab3f88a56f32a428df1fc6b2c140bebd28cdf7601a767854c5b41e8d52c5;1518087223.0;-76.8158529611;-53.5383755131
437aab3f88a56f32a428df1fc6b2c140bebd28cdf7601a767854c5b41e8d52c5;1518087224.5;-75.0726949277;-55.3993669173
437aab3f88a56f32a428df1fc6b2c140bebd28cdf7601a767854c5b41e8d52c5;1518087227.5;-77.3957370773;-58.9050888827
437aab3f88a56f32a428df1fc6b2c140bebd28cdf7601a767854c5b41e8d52c5;1518087229.0;-77.2472366826;-57.485434772
437aab3f88a56f32a428df1fc6b2c140bebd28cdf7601a767854c5b41e8d52c5;1518087232.0;-76.8754249324;-55.7681938406
437aab3f88a56f32a428df1fc6b2c140bebd28cdf7601a767854c5b41e8d52c5;1518087235.0;-76.4040077406;-54.0678834896
437aab3f88a56f32a428df1fc6b2c140bebd28cdf7601a767854c5b41e8d52c5;1518087236.5;-75.9255956177;-52.586866034
437aab3f88a56f32a428df1fc6b2c140bebd28cdf7601a767854c5b41e8d52c5;1518087239.5;-73.4012422746;-53.5298135987
437aab3f88a56f32a428df1fc6b2c140bebd28cdf7601a767854c5b41e8d52c5;1518087241.0;-71.221260423;-54.5678273499
437aab3f88a56f32a428df1fc6b2c140bebd28cdf7601a767854c5b41e8d52c5;1518087244.0;-69.5321678176;-55.5404774379
437aab3f88a56f32a428df1fc6b2c140bebd28cdf7601a767854c5b41e8d52c5;1518087247.0;-64.1690670665;-58.4514915089
437aab3f88a56f32a428df1fc6b2c140bebd28cdf7601a767854c5b41e8d52c5;1518087248.5;-61.9048408626;-60.9008429452
437aab3f88a56f32a428df1fc6b2c140bebd28cdf7601a767854c5b41e8d52c5;1518087251.5;-62.6672508244;-62.750068118
437aab3f88a56f32a428df1fc6b2c140bebd28cdf7601a767854c5b41e8d52c5;1518087253.0;-63.9385790736;-61.8826811359
437aab3f88a56f32a428df1fc6b2c140bebd28cdf7601a767854c5b41e8d52c5;1518087256.0;-69.584966499;-62.8207511584
437aab3f88a56f32a428df1fc6b2c140bebd28cdf7601a767854c5b41e8d52c5;1518087259.0;-70.4534599294;-63.4524546561
437aab3f88a56f32a428df1fc6b2c140bebd28cdf7601a767854c5b41e8d52c5;1518087260.5;-75.0399318179;-63.8076362342
437aab3f88a56f32a428df1fc6b2c140bebd28cdf7601a767854c5b41e8d52c5;1518087262.0;-78.7512468976;-57.6395688213
437aab3f88a56f32a428df1fc6b2c140bebd28cdf7601a767854c5b41e8d52c5;1518087263.5;-81.4390739545;-54.1819778223
437aab3f88a56f32a428df1fc6b2c140bebd28cdf7601a767854c5b41e8d52c5;1518087265.0;-83.1323749821;-55.7447513897
437aab3f88a56f32a428df1fc6b2c140bebd28cdf7601a767854c5b41e8d52c5;1518087268.0;-83.9718047147;-57.6493221633
437aab3f88a56f32a428df1fc6b2c140bebd28cdf7601a767854c5b41e8d52c5;1518087269.5;-75.7533879633;-51.1427512011
437aab3f88a56f32a428df1fc6b2c140bebd28cdf7601a767854c5b41e8d52c5;1518087272.5;-74.4141270494;-49.6259930536
437aab3f88a56f32a428df1fc6b2c140bebd28cdf7601a767854c5b41e8d52c5;1518087274.0;-73.6153768919;-48.8084161086
437aab3f88a56f32a428df1fc6b2c140bebd28cdf7601a767854c5b41e8d52c5;1518087277.0;-73.2658056202;-48.5454601211
437aab3f88a56f32a428df1fc6b2c140bebd28cdf7601a767854c5b41e8d52c5;1518087280.0;-75.3510231051;-52.8752198643
437aab3f88a56f32a428df1fc6b2c140bebd28cdf7601a767854c5b41e8d52c5;1518087281.5;-75.2984141399;-52.7298492641
437aab3f88a56f32a428df1fc6b2c140bebd28cdf7601a767854c5b41e8d52c5;1518087284.5;-77.3276625804;-56.6234518391
437aab3f88a56f32a428df1fc6b2c140bebd28cdf7601a767854c5b41e8d52c5;1518087286.0;-79.0965354007;-53.6354206625
437aab3f88a56f32a428df1fc6b2c140bebd28cdf7601a767854c5b41e8d52c5;1518087289.0;-78.3794771472;-52.7353613666
437aab3f88a56f32a428df1fc6b2c140bebd28cdf7601a767854c5b41e8d52c5;1518087292.0;-79.599403332;-56.1377410569
437aab3f88a56f32a428df1fc6b2c140bebd28cdf7601a767854c5b41e8d52c5;1518087293.5;-78.4639284439;-54.989914576
437aab3f88a56f32a428df1fc6b2c140bebd28cdf7601a767854c5b41e8d52c5;1518087298.0;-77.3015385322;-53.755062828
437aab3f88a56f32a428df1fc6b2c140bebd28cdf7601a767854c5b41e8d52c5;1518087301.0;-78.3640466195;-56.8149139953
437aab3f88a56f32a428df1fc6b2c140bebd28cdf7601a767854c5b41e8d52c5;1518087304.0;-70.9775811653;-49.0614902896
437aab3f88a56f32a428df1fc6b2c140bebd28cdf7601a767854c5b41e8d52c5;1518087305.5;-64.4641249273;-37.8542323205
437aab3f88a56f32a428df1fc6b2c140bebd28cdf7601a767854c5b41e8d52c5;1518087308.5;-63.5160230691;-41.1048711812
437aab3f88a56f32a428df1fc6b2c140bebd28cdf7601a767854c5b41e8d52c5;1518087310.0;-67.7715440352;-47.2649397211
437aab3f88a56f32a428df1fc6b2c140bebd28cdf7601a767854c5b41e8d52c5;1518087313.0;-67.9581185189;-51.0965291561
437aab3f88a56f32a428df1fc6b2c140bebd28cdf7601a767854c5b41e8d52c5;1518087316.0;-68.2070224147;-56.4102374673
437aab3f88a56f32a428df1fc6b2c140bebd28cdf7601a767854c5b41e8d52c5;1518087317.5;-70.5659497012;-56.4713937798
437aab3f88a56f32a428df1fc6b2c140bebd28cdf7601a767854c5b41e8d52c5;1518087322.0;-72.642423599;-55.8408996449
437aab3f88a56f32a428df1fc6b2c140bebd28cdf7601a767854c5b41e8d52c5;1518087325.0;-72.1809347417;-56.9380682507
437aab3f88a56f32a428df1fc6b2c140bebd28cdf7601a767854c5b41e8d52c5;1518087329.5;-71.4913024786;-59.7588144838
437aab3f88a56f32a428df1fc6b2c140bebd28cdf7601a767854c5b41e8d52c5;1518087332.5;-79.137856954;-53.589344761
437aab3f88a56f32a428df1fc6b2c140bebd28cdf7601a767854c5b41e8d52c5;1518087334.0;-87.9062298861;-43.591994708
437aab3f88a56f32a428df1fc6b2c140bebd28cdf7601a767854c5b41e8d52c5;1518087337.0;-92.8646591309;-39.2611978218
437aab3f88a56f32a428df1fc6b2c140bebd28cdf7601a767854c5b41e8d52c5;1518087340.0;-100.304217397;-19.6141831126
437aab3f88a56f32a428df1fc6b2c140bebd28cdf7601a767854c5b41e8d52c5;1518087341.5;-105.715163638;-7.53838612033
437aab3f88a56f32a428df1fc6b2c140bebd28cdf7601a767854c5b41e8d52c5;1518087346.0;-107.044671149;-7.53316577562
437aab3f88a56f32a428df1fc6b2c140bebd28cdf7601a767854c5b41e8d52c5;1518087349.0;-104.823378816;-14.114459744
437aab3f88a56f32a428df1fc6b2c140bebd28cdf7601a767854c5b41e8d52c5;1518087350.5;-99.8311748943;-25.6407795049
437aab3f88a56f32a428df1fc6b2c140bebd28cdf7601a767854c5b41e8d52c5;1518087353.5;-101.314423421;-23.6393918601
437aab3f88a56f32a428df1fc6b2c140bebd28cdf7601a767854c5b41e8d52c5;1518087355.0;-102.730018094;-21.2801643881
437aab3f88a56f32a428df1fc6b2c140bebd28cdf7601a767854c5b41e8d52c5;1518087358.0;-101.828227415;-23.1773463937
437aab3f88a56f32a428df1fc6b2c140bebd28cdf7601a767854c5b41e8d52c5;1518087361.0;-100.895605615;-24.8787897642
437aab3f88a56f32a428df1fc6b2c140bebd28cdf7601a767854c5b41e8d52c5;1518087362.5;-102.157189758;-22.0445762089
437aab3f88a56f32a428df1fc6b2c140bebd28cdf7601a767854c5b41e8d52c5;1518087365.5;-103.325463705;-19.3393768123
437aab3f88a56f32a428df1fc6b2c140bebd28cdf7601a767854c5b41e8d52c5;1518087367.0;-102.189972467;-21.2494235451
437aab3f88a56f32a428df1fc6b2c140bebd28cdf7601a767854c5b41e8d52c5;1518087370.0;-101.061131535;-23.1953995371
437aab3f88a56f32a428df1fc6b2c140bebd28cdf7601a767854c5b41e8d52c5;1518087373.0;-102.174896316;-20.7263474886
437aab3f88a56f32a428df1fc6b2c140bebd28cdf7601a767854c5b41e8d52c5;1518087374.5;-103.244918625;-14.2199860897
437aab3f88a56f32a428df1fc6b2c140bebd28cdf7601a767854c5b41e8d52c5;1518087377.5;-104.155430594;-4.41640288446
437aab3f88a56f32a428df1fc6b2c140bebd28cdf7601a767854c5b41e8d52c5;1518087379.0;-104.850723127;3.5994355523
437aab3f88a56f32a428df1fc6b2c140bebd28cdf7601a767854c5b41e8d52c5;1518087382.0;-105.32094969;5.27129968104
437aab3f88a56f32a428df1fc6b2c140bebd28cdf7601a767854c5b41e8d52c5;1518087386.5;-105.587280619;5.34477715379
437aab3f88a56f32a428df1fc6b2c140bebd28cdf7601a767854c5b41e8d52c5;1518087391.0;-105.688453847;4.37030230974
437aab3f88a56f32a428df1fc6b2c140bebd28cdf7601a767854c5b41e8d52c5;1518087394.0;-105.669880849;7.03403162817
437aab3f88a56f32a428df1fc6b2c140bebd28cdf7601a767854c5b41e8d52c5;1518087398.5;-105.575747996;9.00628681069
437aab3f88a56f32a428df1fc6b2c140bebd28cdf7601a767854c5b41e8d52c5;1518087400.0;-105.444032512;10.287482545
437aab3f88a56f32a428df1fc6b2c140bebd28cdf7601a767854c5b41e8d52c5;1518087401.5;-105.304023465;10.9625431606
437aab3f88a56f32a428df1fc6b2c140bebd28cdf7601a767854c5b41e8d52c5;1518087403.0;-105.17577471;15.3609210235
437aab3f88a56f32a428df1fc6b2c140bebd28cdf7601a767854c5b41e8d52c5;1518087406.0;-105.070880617;14.710653809
437aab3f88a56f32a428df1fc6b2c140bebd28cdf7601a767854c5b41e8d52c5;1518087407.5;-104.994016581;17.788425028
437aab3f88a56f32a428df1fc6b2c140bebd28cdf7601a767854c5b41e8d52c5;1518087410.5;-102.844787927;22.2823942544
437aab3f88a56f32a428df1fc6b2c140bebd28cdf7601a767854c5b41e8d52c5;1518087412.0;-100.97680278;25.7813809554
437aab3f88a56f32a428df1fc6b2c140bebd28cdf7601a767854c5b41e8d52c5;1518087415.0;-101.620454094;21.905003144
437aab3f88a56f32a428df1fc6b2c140bebd28cdf7601a767854c5b41e8d52c5;1518087418.0;-100.352821822;24.1044946815
437aab3f88a56f32a428df1fc6b2c140bebd28cdf7601a767854c5b41e8d52c5;1518087419.5;-99.3631401719;30.0888635823
437aab3f88a56f32a428df1fc6b2c140bebd28cdf7601a767854c5b41e8d52c5;1518087422.5;-94.4753624282;32.9703175791
437aab3f88a56f32a428df1fc6b2c140bebd28cdf7601a767854c5b41e8d52c5;1518087427.0;-94.5825749973;32.7468987735
437aab3f88a56f32a428df1fc6b2c140bebd28cdf7601a767854c5b41e8d52c5;1518087436.0;-95.1933977301;36.0976814501
437aab3f88a56f32a428df1fc6b2c140bebd28cdf7601a767854c5b41e8d52c5;1518087439.0;-96.0567412845;38.6312242123
437aab3f88a56f32a428df1fc6b2c140bebd28cdf7601a767854c5b41e8d52c5;1518087443.5;-96.9784637875;40.3232020417
437aab3f88a56f32a428df1fc6b2c140bebd28cdf7601a767854c5b41e8d52c5;1518087446.5;-91.5252216004;47.5608953807
437aab3f88a56f32a428df1fc6b2c140bebd28cdf7601a767854c5b41e8d52c5;1518087448.0;-92.9912745328;47.1216863669
437aab3f88a56f32a428df1fc6b2c140bebd28cdf7601a767854c5b41e8d52c5;1518087451.0;-94.6802778086;45.841293928
437aab3f88a56f32a428df1fc6b2c140bebd28cdf7601a767854c5b41e8d52c5;1518087452.5;-96.3072959063;39.9709803365
437aab3f88a56f32a428df1fc6b2c140bebd28cdf7601a767854c5b41e8d52c5;1518087455.5;-99.7947139213;32.4663314109
437aab3f88a56f32a428df1fc6b2c140bebd28cdf7601a767854c5b41e8d52c5;1518087457.0;-100.599183176;32.4836840113
437aab3f88a56f32a428df1fc6b2c140bebd28cdf7601a767854c5b41e8d52c5;1518087460.0;-100.926188252;33.2932119103
437aab3f88a56f32a428df1fc6b2c140bebd28cdf7601a767854c5b41e8d52c5;1518087463.0;-100.902783491;34.5184865855
437aab3f88a56f32a428df1fc6b2c140bebd28cdf7601a767854c5b41e8d52c5;1518087464.5;-100.654479418;35.8639005178
437aab3f88a56f32a428df1fc6b2c140bebd28cdf7601a767854c5b41e8d52c5;1518087467.5;-100.290408042;37.1225917603
437aab3f88a56f32a428df1fc6b2c140bebd28cdf7601a767854c5b41e8d52c5;1518087469.0;-99.895686663;33.9707235773
437aab3f88a56f32a428df1fc6b2c140bebd28cdf7601a767854c5b41e8d52c5;1518087472.0;-99.5293961501;31.0680956201
437aab3f88a56f32a428df1fc6b2c140bebd28cdf7601a767854c5b41e8d52c5;1518087475.0;-99.2264562883;28.6830457345
437aab3f88a56f32a428df1fc6b2c140bebd28cdf7601a767854c5b41e8d52c5;1518087476.5;-99.0018044829;31.1265902064
437aab3f88a56f32a428df1fc6b2c140bebd28cdf7601a767854c5b41e8d52c5;1518087479.5;-92.5555597602;39.9793868128
437aab3f88a56f32a428df1fc6b2c140bebd28cdf7601a767854c5b41e8d52c5;1518087481.0;-91.1499446198;47.8187297224
437aab3f88a56f32a428df1fc6b2c140bebd28cdf7601a767854c5b41e8d52c5;1518087484.0;-86.2629265626;54.0390082227
437aab3f88a56f32a428df1fc6b2c140bebd28cdf7601a767854c5b41e8d52c5;1518087487.0;-80.3416563215;62.6449107406
437aab3f88a56f32a428df1fc6b2c140bebd28cdf7601a767854c5b41e8d52c5;1518087488.5;-75.8384777654;66.9172458115
437aab3f88a56f32a428df1fc6b2c140bebd28cdf7601a767854c5b41e8d52c5;1518087491.5;-74.9086981777;69.2144009957
437aab3f88a56f32a428df1fc6b2c140bebd28cdf7601a767854c5b41e8d52c5;1518087493.0;-75.0505259189;69.9462877434
437aab3f88a56f32a428df1fc6b2c140bebd28cdf7601a767854c5b41e8d52c5;1518087496.0;-75.8715245256;69.5710938809
437aab3f88a56f32a428df1fc6b2c140bebd28cdf7601a767854c5b41e8d52c5;1518087499.0;-72.8334118656;70.6222588698
437aab3f88a56f32a428df1fc6b2c140bebd28cdf7601a767854c5b41e8d52c5;1518087500.5;-70.3890456831;71.1067894011
437aab3f88a56f32a428df1fc6b2c140bebd28cdf7601a767854c5b41e8d52c5;1518087503.5;-68.6300495682;71.1636525448
437aab3f88a56f32a428df1fc6b2c140bebd28cdf7601a767854c5b41e8d52c5;1518087505.0;-69.6320210215;68.8355661514
437aab3f88a56f32a428df1fc6b2c140bebd28cdf7601a767854c5b41e8d52c5;1518087508.0;-68.840879891;68.7074531422
437aab3f88a56f32a428df1fc6b2c140bebd28cdf7601a767854c5b41e8d52c5;1518087511.0;-70.4461303695;68.6600166763
437aab3f88a56f32a428df1fc6b2c140bebd28cdf7601a767854c5b41e8d52c5;1518087512.5;-72.0473922103;68.6708309306
437aab3f88a56f32a428df1fc6b2c140bebd28cdf7601a767854c5b41e8d52c5;1518087517.0;-73.449906861;66.6181834069
437aab3f88a56f32a428df1fc6b2c140bebd28cdf7601a767854c5b41e8d52c5;1518087520.0;-74.5514277935;66.9407350492
437aab3f88a56f32a428df1fc6b2c140bebd28cdf7601a767854c5b41e8d52c5;1518087521.5;-73.2223664949;67.4026535731
437aab3f88a56f32a428df1fc6b2c140bebd28cdf7601a767854c5b41e8d52c5;1518087524.5;-73.9412367552;67.898575551
437aab3f88a56f32a428df1fc6b2c140bebd28cdf7601a767854c5b41e8d52c5;1518087526.0;-72.4382009219;68.3558493316
437aab3f88a56f32a428df1fc6b2c140bebd28cdf7601a767854c5b41e8d52c5;1518087529.0;-73.1400480173;68.7319857459
437aab3f88a56f32a428df1fc6b2c140bebd28cdf7601a767854c5b41e8d52c5;1518087532.0;-71.7240927472;69.0093061613
437aab3f88a56f32a428df1fc6b2c140bebd28cdf7601a767854c5b41e8d52c5;1518087533.5;-72.5700204601;69.1884244265
437aab3f88a56f32a428df1fc6b2c140bebd28cdf7601a767854c5b41e8d52c5;1518087536.5;-73.4175459671;69.2817693067
437aab3f88a56f32a428df1fc6b2c140bebd28cdf7601a767854c5b41e8d52c5;1518087538.0;-74.1622881657;69.3079267387
437aab3f88a56f32a428df1fc6b2c140bebd28cdf7601a767854c5b41e8d52c5;1518087541.0;-74.7489902945;69.2872080441
437aab3f88a56f32a428df1fc6b2c140bebd28cdf7601a767854c5b41e8d52c5;1518087545.5;-73.0610953671;65.0385579071
437aab3f88a56f32a428df1fc6b2c140bebd28cdf7601a767854c5b41e8d52c5;1518087550.0;-71.4664794819;61.2922119745
437aab3f88a56f32a428df1fc6b2c140bebd28cdf7601a767854c5b41e8d52c5;1518087553.0;-68.0278354199;60.4312911514
437aab3f88a56f32a428df1fc6b2c140bebd28cdf7601a767854c5b41e8d52c5;1518087556.0;-69.3768069407;60.1863594504
437aab3f88a56f32a428df1fc6b2c140bebd28cdf7601a767854c5b41e8d52c5;1518087557.5;-70.942479579;60.371824812
437aab3f88a56f32a428df1fc6b2c140bebd28cdf7601a767854c5b41e8d52c5;1518087560.5;-68.2572130454;60.8143287576
437aab3f88a56f32a428df1fc6b2c140bebd28cdf7601a767854c5b41e8d52c5;1518087562.0;-65.8677812006;61.3697010494
437aab3f88a56f32a428df1fc6b2c140bebd28cdf7601a767854c5b41e8d52c5;1518087565.0;-59.7633473043;61.9304046606
437aab3f88a56f32a428df1fc6b2c140bebd28cdf7601a767854c5b41e8d52c5;1518087568.0;-54.721955227;62.4258874369
437aab3f88a56f32a428df1fc6b2c140bebd28cdf7601a767854c5b41e8d52c5;1518087569.5;-50.9891108614;62.8182800305
437aab3f88a56f32a428df1fc6b2c140bebd28cdf7601a767854c5b41e8d52c5;1518087572.5;-52.7640959433;63.0955959126
437aab3f88a56f32a428df1fc6b2c140bebd28cdf7601a767854c5b41e8d52c5;1518087574.0;-50.9717344934;63.2641407366
437aab3f88a56f32a428df1fc6b2c140bebd28cdf7601a767854c5b41e8d52c5;1518087577.0;-49.8101620756;63.3413376321
437aab3f88a56f32a428df1fc6b2c140bebd28cdf7601a767854c5b41e8d52c5;1518087578.5;-49.2008951497;63.3497017541
437aab3f88a56f32a428df1fc6b2c140bebd28cdf7601a767854c5b41e8d52c5;1518087581.5;-46.9252619921;63.3122999686
437aab3f88a56f32a428df1fc6b2c140bebd28cdf7601a767854c5b41e8d52c5;1518087583.0;-41.0102558456;54.8497320619
437aab3f88a56f32a428df1fc6b2c140bebd28cdf7601a767854c5b41e8d52c5;1518087584.5;-40.3842455093;55.8074707449
437aab3f88a56f32a428df1fc6b2c140bebd28cdf7601a767854c5b41e8d52c5;1518087586.0;-38.4427687158;57.3110857226
437aab3f88a56f32a428df1fc6b2c140bebd28cdf7601a767854c5b41e8d52c5;1518087589.0;-39.3490696323;58.9853274571
437aab3f88a56f32a428df1fc6b2c140bebd28cdf7601a767854c5b41e8d52c5;1518087590.5;-34.3304041981;60.5653819711
437aab3f88a56f32a428df1fc6b2c140bebd28cdf7601a767854c5b41e8d52c5;1518087593.5;-30.1702971516;61.8906581136
437aab3f88a56f32a428df1fc6b2c140bebd28cdf7601a767854c5b41e8d52c5;1518087595.0;-29.1778661703;62.8879819874
437aab3f88a56f32a428df1fc6b2c140bebd28cdf7601a767854c5b41e8d52c5;1518087598.0;-31.1009974266;63.5499647119
437aab3f88a56f32a428df1fc6b2c140bebd28cdf7601a767854c5b41e8d52c5;1518087601.0;-29.1186605584;63.9128828056
437aab3f88a56f32a428df1fc6b2c140bebd28cdf7601a767854c5b41e8d52c5;1518087602.5;-27.5706056757;64.0369514228
437aab3f88a56f32a428df1fc6b2c140bebd28cdf7601a767854c5b41e8d52c5;1518087605.5;-24.3944708067;63.9905694747
437aab3f88a56f32a428df1fc6b2c140bebd28cdf7601a767854c5b41e8d52c5;1518087607.0;-19.814160468;63.8390764478
437aab3f88a56f32a428df1fc6b2c140bebd28cdf7601a767854c5b41e8d52c5;1518087610.0;-16.2472240905;63.6378191155
437aab3f88a56f32a428df1fc6b2c140bebd28cdf7601a767854c5b41e8d52c5;1518087614.5;-17.9759304941;63.4288690078
437aab3f88a56f32a428df1fc6b2c140bebd28cdf7601a767854c5b41e8d52c5;1518087617.5;-18.1050381708;63.2405149843
437aab3f88a56f32a428df1fc6b2c140bebd28cdf7601a767854c5b41e8d52c5;1518087619.0;-20.6435909848;63.0886217835
437aab3f88a56f32a428df1fc6b2c140bebd28cdf7601a767854c5b41e8d52c5;1518087622.0;-20.9723104183;62.9790350345
437aab3f88a56f32a428df1fc6b2c140bebd28cdf7601a767854c5b41e8d52c5;1518087625.0;-23.2893700238;62.9103718559
437aab3f88a56f32a428df1fc6b2c140bebd28cdf7601a767854c5b41e8d52c5;1518087626.5;-25.2500109394;62.8767202375
437aab3f88a56f32a428df1fc6b2c140bebd28cdf7601a767854c5b41e8d52c5;1518087629.5;-26.7388011945;62.8699484564
437aab3f88a56f32a428df1fc6b2c140bebd28cdf7601a767854c5b41e8d52c5;1518087631.0;-27.738511714;62.8814781128
437aab3f88a56f32a428df1fc6b2c140bebd28cdf7601a767854c5b41e8d52c5;1518087634.0;-24.0978558667;62.9034913206
437aab3f88a56f32a428df1fc6b2c140bebd28cdf7601a767854c5b41e8d52c5;1518087637.0;-18.5169422223;62.929622219
437aab3f88a56f32a428df1fc6b2c140bebd28cdf7601a767854c5b41e8d52c5;1518087638.5;-15.8235229312;62.955228581
437aab3f88a56f32a428df1fc6b2c140bebd28cdf7601a767854c5b41e8d52c5;1518087641.5;-11.8719188329;62.9773572152
437aab3f88a56f32a428df1fc6b2c140bebd28cdf7601a767854c5b41e8d52c5;1518087643.0;-11.051566112;62.9945145686
437aab3f88a56f32a428df1fc6b2c140bebd28cdf7601a767854c5b41e8d52c5;1518087646.0;-8.90201999467;63.0063388136
437aab3f88a56f32a428df1fc6b2c140bebd28cdf7601a767854c5b41e8d52c5;1518087649.0;-5.41681756907;63.0132480682
437aab3f88a56f32a428df1fc6b2c140bebd28cdf7601a767854c5b41e8d52c5;1518087650.5;-7.05537584022;63.0161161953
437aab3f88a56f32a428df1fc6b2c140bebd28cdf7601a767854c5b41e8d52c5;1518087653.5;-6.99365517604;63.016006244
437aab3f88a56f32a428df1fc6b2c140bebd28cdf7601a767854c5b41e8d52c5;1518087655.0;-11.3993139853;63.0139740108
437aab3f88a56f32a428df1fc6b2c140bebd28cdf7601a767854c5b41e8d52c5;1518087658.0;-9.13907624805;63.0109412429
437aab3f88a56f32a428df1fc6b2c140bebd28cdf7601a767854c5b41e8d52c5;1518087662.5;-11.1178848785;63.0076296415
437aab3f88a56f32a428df1fc6b2c140bebd28cdf7601a767854c5b41e8d52c5;1518087665.5;-12.8796695907;67.2045424695
437aab3f88a56f32a428df1fc6b2c140bebd28cdf7601a767854c5b41e8d52c5;1518087667.0;-14.2845701287;66.6874793552
437aab3f88a56f32a428df1fc6b2c140bebd28cdf7601a767854c5b41e8d52c5;1518087674.5;-13.1853956377;65.8996721099
437aab3f88a56f32a428df1fc6b2c140bebd28cdf7601a767854c5b41e8d52c5;1518087679.0;-11.9582212529;71.332387567
437aab3f88a56f32a428df1fc6b2c140bebd28cdf7601a767854c5b41e8d52c5;1518087682.0;-10.7981757993;69.7479351371
437aab3f88a56f32a428df1fc6b2c140bebd28cdf7601a767854c5b41e8d52c5;1518087685.0;-11.9238697191;72.0914190034
437aab3f88a56f32a428df1fc6b2c140bebd28cdf7601a767854c5b41e8d52c5;1518087686.5;-10.9323967263;69.7709846886
437aab3f88a56f32a428df1fc6b2c140bebd28cdf7601a767854c5b41e8d52c5;1518087691.0;-10.0512206821;67.4332567596
437aab3f88a56f32a428df1fc6b2c140bebd28cdf7601a767854c5b41e8d52c5;1518087694.0;-9.34968171973;71.6706596527
437aab3f88a56f32a428df1fc6b2c140bebd28cdf7601a767854c5b41e8d52c5;1518087697.0;-10.9508453836;73.4678157258
437aab3f88a56f32a428df1fc6b2c140bebd28cdf7601a767854c5b41e8d52c5;1518087698.5;-10.3876232056;70.6236597469
437aab3f88a56f32a428df1fc6b2c140bebd28cdf7601a767854c5b41e8d52c5;1518087703.0;-9.85154494718;67.8410600416
437aab3f88a56f32a428df1fc6b2c140bebd28cdf7601a767854c5b41e8d52c5;1518087706.0;-9.3987798232;65.439340378
437aab3f88a56f32a428df1fc6b2c140bebd28cdf7601a767854c5b41e8d52c5;1518087710.5;-4.85563196428;63.5794034004
437aab3f88a56f32a428df1fc6b2c140bebd28cdf7601a767854c5b41e8d52c5;1518087713.5;-7.24027094035;66.4994674484
437aab3f88a56f32a428df1fc6b2c140bebd28cdf7601a767854c5b41e8d52c5;1518087715.0;-7.6408530846;65.2388243172
437aab3f88a56f32a428df1fc6b2c140bebd28cdf7601a767854c5b41e8d52c5;1518087718.0;-10.1677269755;68.3451503031
437aab3f88a56f32a428df1fc6b2c140bebd28cdf7601a767854c5b41e8d52c5;1518087722.5;-12.4021484501;71.1794812817
437aab3f88a56f32a428df1fc6b2c140bebd28cdf7601a767854c5b41e8d52c5;1518087727.0;-12.0727592234;69.2898099609
437aab3f88a56f32a428df1fc6b2c140bebd28cdf7601a767854c5b41e8d52c5;1518087730.0;-11.4822432212;67.2910218821
437aab3f88a56f32a428df1fc6b2c140bebd28cdf7601a767854c5b41e8d52c5;1518087733.0;-12.8943330252;69.6661594503
437aab3f88a56f32a428df1fc6b2c140bebd28cdf7601a767854c5b41e8d52c5;1518087734.5;-11.9701356022;67.663394337
437aab3f88a56f32a428df1fc6b2c140bebd28cdf7601a767854c5b41e8d52c5;1518087737.5;-13.105565666;69.9903312071
437aab3f88a56f32a428df1fc6b2c140bebd28cdf7601a767854c5b41e8d52c5;1518087739.0;-11.9756634133;67.9165245998
437aab3f88a56f32a428df1fc6b2c140bebd28cdf7601a767854c5b41e8d52c5;1518087742.0;-6.67670818101;65.9662760415
437aab3f88a56f32a428df1fc6b2c140bebd28cdf7601a767854c5b41e8d52c5;1518087746.5;-2.04699052781;64.3352456636
437aab3f88a56f32a428df1fc6b2c140bebd28cdf7601a767854c5b41e8d52c5;1518087749.5;-4.71941771357;67.3115083241
437aab3f88a56f32a428df1fc6b2c140bebd28cdf7601a767854c5b41e8d52c5;1518087751.0;-5.61586671441;65.9879192838
437aab3f88a56f32a428df1fc6b2c140bebd28cdf7601a767854c5b41e8d52c5;1518087754.0;-2.41311489244;64.7615662953
437aab3f88a56f32a428df1fc6b2c140bebd28cdf7601a767854c5b41e8d52c5;1518087755.5;0.331780366169;63.7486449816
437aab3f88a56f32a428df1fc6b2c140bebd28cdf7601a767854c5b41e8d52c5;1518087757.0;-3.85718081059;67.1985371175
437aab3f88a56f32a428df1fc6b2c140bebd28cdf7601a767854c5b41e8d52c5;1518087758.5;-5.84500092619;66.1966462089
437aab3f88a56f32a428df1fc6b2c140bebd28cdf7601a767854c5b41e8d52c5;1518087760.0;-3.32357138787;65.1538279577
437aab3f88a56f32a428df1fc6b2c140bebd28cdf7601a767854c5b41e8d52c5;1518087763.0;-0.910004692949;64.2121521696
437aab3f88a56f32a428df1fc6b2c140bebd28cdf7601a767854c5b41e8d52c5;1518087766.0;-3.06221076636;63.4515742666
437aab3f88a56f32a428df1fc6b2c140bebd28cdf7601a767854c5b41e8d52c5;1518087767.5;-0.988523895203;62.901880782
437aab3f88a56f32a428df1fc6b2c140bebd28cdf7601a767854c5b41e8d52c5;1518087769.0;-5.45203325179;66.7565996212
437aab3f88a56f32a428df1fc6b2c140bebd28cdf7601a767854c5b41e8d52c5;1518087770.5;-7.42294026022;66.0719834131
437aab3f88a56f32a428df1fc6b2c140bebd28cdf7601a767854c5b41e8d52c5;1518087772.0;-4.69721963383;65.2506649097
437aab3f88a56f32a428df1fc6b2c140bebd28cdf7601a767854c5b41e8d52c5;1518087773.5;-8.28259182153;68.6411014311
437aab3f88a56f32a428df1fc6b2c140bebd28cdf7601a767854c5b41e8d52c5;1518087775.0;-9.3359662454;67.4238502446
437aab3f88a56f32a428df1fc6b2c140bebd28cdf7601a767854c5b41e8d52c5;1518087778.0;-9.97950375585;66.0907153185
437aab3f88a56f32a428df1fc6b2c140bebd28cdf7601a767854c5b41e8d52c5;1518087779.5;-10.2778139276;64.84556499
437aab3f88a56f32a428df1fc6b2c140bebd28cdf7601a767854c5b41e8d52c5;1518087782.5;-6.11518333303;63.8101355652
437aab3f88a56f32a428df1fc6b2c140bebd28cdf7601a767854c5b41e8d52c5;1518087784.0;-6.4928634883;63.0378648323
437aab3f88a56f32a428df1fc6b2c140bebd28cdf7601a767854c5b41e8d52c5;1518087785.5;-9.14547981191;66.731250414
437aab3f88a56f32a428df1fc6b2c140bebd28cdf7601a767854c5b41e8d52c5;1518087787.0;-9.48685914529;65.9448728664
437aab3f88a56f32a428df1fc6b2c140bebd28cdf7601a767854c5b41e8d52c5;1518087790.0;-11.7491154667;69.2729805343
437aab3f88a56f32a428df1fc6b2c140bebd28cdf7601a767854c5b41e8d52c5;1518087791.5;-7.31781543094;67.937810403
437aab3f88a56f32a428df1fc6b2c140bebd28cdf7601a767854c5b41e8d52c5;1518087794.5;-3.1735380174;66.4650680433
437aab3f88a56f32a428df1fc6b2c140bebd28cdf7601a767854c5b41e8d52c5;1518087796.0;-3.92349929148;65.0833146742
437aab3f88a56f32a428df1fc6b2c140bebd28cdf7601a767854c5b41e8d52c5;1518087797.5;-7.13284545642;68.1299689366
437aab3f88a56f32a428df1fc6b2c140bebd28cdf7601a767854c5b41e8d52c5;1518087799.0;-8.08264689522;66.7518730125
437aab3f88a56f32a428df1fc6b2c140bebd28cdf7601a767854c5b41e8d52c5;1518087802.0;-10.9123935858;69.5965062178
437aab3f88a56f32a428df1fc6b2c140bebd28cdf7601a767854c5b41e8d52c5;1518087803.5;-11.1524607204;67.9074457896
437aab3f88a56f32a428df1fc6b2c140bebd28cdf7601a767854c5b41e8d52c5;1518087805.0;-13.1448279196;70.408394402
