sourcemac;timestamp;x_m;y_m
437aab3f88a56f32a428df1fc6b2c140bebd28cdf7601a767854c5b41e8d52c5;1518086113.0;6.0;62.0
437aab3f88a56f32a428df1fc6b2c140bebd28cdf7601a767854c5b41e8d52c5;1518086118.0;6.0;62.0
437aab3f88a56f32a428df1fc6b2c140bebd28cdf7601a767854c5b41e8d52c5;1518086123.0;6.0;62.0
437aab3f88a56f32a428df1fc6b2c140bebd28cdf7601a767854c5b41e8d52c5;1518086128.0;-6.0;62.0
437aab3f88a56f32a428df1fc6b2c140bebd28cdf7601a767854c5b41e8d52c5;1518086133.0;0.0;62.0
437aab3f88a56f32a428df1fc6b2c140bebd28cdf7601a767854c5b41e8d52c5;1518086138.0;6.0;62.0
437aab3f88a56f32a428df1fc6b2c140bebd28cdf7601a767854c5b41e8d52c5;1518086143.0;-4.5;74.0
437aab3f88a56f32a428df1fc6b2c140bebd28cdf7601a767854c5b41e8d52c5;1518086148.0;0.75;68.0
437aab3f88a56f32a428df1fc6b2c140bebd28cdf7601a767854c5b41e8d52c5;1518086153.0;-6.0;68.0
437aab3f88a56f32a428df1fc6b2c140bebd28cdf7601a767854c5b41e8d52c5;1518086158.0;-16.6875;63.5
437aab3f88a56f32a428df1fc6b2c140bebd28cdf7601a767854c5b41e8d52c5;1518086163.0;-20.34375;61.25
437aab3f88a56f32a428df1fc6b2c140bebd28cdf7601a767854c5b41e8d52c5;1518086168.0;-31.5;67.25
437aab3f88a56f32a428df1fc6b2c140bebd28cdf7601a767854c5b41e8d52c5;1518086173.0;-36.1640625;70.8125
437aab3f88a56f32a428df1fc6b2c140bebd28cdf7601a767854c5b41e8d52c5;1518086178.0;-35.70703125;71.09375
437aab3f88a56f32a428df1fc6b2c140bebd28cdf7601a767854c5b41e8d52c5;1518086183.0;-34.3125;88.34375
437aab3f88a56f32a428df1fc6b2c140bebd28cdf7601a767854c5b41e8d52c5;1518086188.0;-33.7294921875;78.8984375
437aab3f88a56f32a428df1fc6b2c140bebd28cdf7601a767854c5b41e8d52c5;1518086198.0;-27.7866210938;69.86328125
437aab3f88a56f32a428df1fc6b2c140bebd28cdf7601a767854c5b41e8d52c5;1518086203.0;-30.9609375;67.70703125
437aab3f88a56f32a428df1fc6b2c140bebd28cdf7601a767854c5b41e8d52c5;1518086208.0;-34.0338134766;68.8876953125
437aab3f88a56f32a428df1fc6b2c140bebd28cdf7601a767854c5b41e8d52c5;1518086213.0;-16.7766723633;70.0170898438
437aab3f88a56f32a428df1fc6b2c140bebd28cdf7601a767854c5b41e8d52c5;1518086218.0;-7.3798828125;70.2866210938
437aab3f88a56f32a428df1fc6b2c140bebd28cdf7601a767854c5b41e8d52c5;1518086223.0;-0.99577331543;76.1390380859
437aab3f88a56f32a428df1fc6b2c140bebd28cdf7601a767854c5b41e8d52c5;1518086228.0;17.8470840454;72.9978637695
437aab3f88a56f32a428df1fc6b2c140bebd28cdf7601a767854c5b41e8d52c5;1518086233.0;19.6724853516;75.9641723633
437aab3f88a56f32a428df1fc6b2c140bebd28cdf7601a767854c5b41e8d52c5;1518086238.0;21.8744716644;72.2326202393
437aab3f88a56f32a428df1fc6b2c140bebd28cdf7601a767854c5b41e8d52c5;1518086243.0;22.5191144943;69.6252670288
437aab3f88a56f32a428df1fc6b2c140bebd28cdf7601a767854c5b41e8d52c5;1518086248.0;16.2909393311;75.2544784546
437aab3f88a56f32a428df1fc6b2c140bebd28cdf7601a767854c5b41e8d52c5;1518086253.0;19.0156910419;72.7209224701
437aab3f88a56f32a428df1fc6b2c140bebd28cdf7601a767854c5b41e8d52c5;1518086258.0;39.9351106882;64.0468416214
437aab3f88a56f32a428df1fc6b2c140bebd28cdf7601a767854c5b41e8d52c5;1518086263.0;49.7136325836;60.3431901932
437aab3f88a56f32a428df1fc6b2c140bebd28cdf7601a767854c5b41e8d52c5;1518086268.0;49.3730386198;60.6598846912
437aab3f88a56f32a428df1fc6b2c140bebd28cdf7601a767854c5b41e8d52c5;1518086273.0;52.758111164;61.7441447973
437aab3f88a56f32a428df1fc6b2c140bebd28cdf7601a767854c5b41e8d52c5;1518086278.0;54.535795927;62.2071012259
437aab3f88a56f32a428df1fc6b2c140bebd28cdf7601a767854c5b41e8d52c5;1518086283.0;66.5783701725;68.1675144136
437aab3f88a56f32a428df1fc6b2c140bebd28cdf7601a767854c5b41e8d52c5;1518086288.0;72.1552361045;71.0319819003
437aab3f88a56f32a428df1fc6b2c140bebd28cdf7601a767854c5b41e8d52c5;1518086293.0;65.9330255091;70.9741123468
437aab3f88a56f32a428df1fc6b2c140bebd28cdf7601a767854c5b41e8d52c5;1518086298.0;67.4277037284;70.2290606983
437aab3f88a56f32a428df1fc6b2c140bebd28cdf7601a767854c5b41e8d52c5;1518086303.0;69.7305954869;69.8710022625
437aab3f88a56f32a428df1fc6b2c140bebd28cdf7601a767854c5b41e8d52c5;1518086308.0;70.5083718114;69.8782359567
437aab3f88a56f32a428df1fc6b2c140bebd28cdf7601a767854c5b41e8d52c5;1518086313.0;76.3215370339;57.9713674127
437aab3f88a56f32a428df1fc6b2c140bebd28cdf7601a767854c5b41e8d52c5;1518086318.0;79.0336755641;52.0161247172
437aab3f88a56f32a428df1fc6b2c140bebd28cdf7601a767854c5b41e8d52c5;1518086323.0;78.9364535236;52.0152205054
437aab3f88a56f32a428df1fc6b2c140bebd28cdf7601a767854c5b41e8d52c5;1518086328.0;72.2098078708;65.5035790734
437aab3f88a56f32a428df1fc6b2c140bebd28cdf7601a767854c5b41e8d52c5;1518086333.0;86.8707905545;60.2479844104
437aab3f88a56f32a428df1fc6b2c140bebd28cdf7601a767854c5b41e8d52c5;1518086338.0;95.8829433096;42.2480974368
437aab3f88a56f32a428df1fc6b2c140bebd28cdf7601a767854c5b41e8d52c5;1518086343.0;102.723774016;28.5620526158
437aab3f88a56f32a428df1fc6b2c140bebd28cdf7601a767854c5b41e8d52c5;1518086348.0;97.8911511807;32.2190019487
437aab3f88a56f32a428df1fc6b2c140bebd28cdf7601a767854c5b41e8d52c5;1518086353.0;87.7646320863;37.4689878204
437aab3f88a56f32a428df1fc6b2c140bebd28cdf7601a767854c5b41e8d52c5;1518086358.0;89.909528248;39.179743423
437aab3f88a56f32a428df1fc6b2c140bebd28cdf7601a767854c5b41e8d52c5;1518086363.0;87.5136061024;38.7226247564
437aab3f88a56f32a428df1fc6b2c140bebd28cdf7601a767854c5b41e8d52c5;1518086368.0;67.7794209892;32.0663765225
437aab3f88a56f32a428df1fc6b2c140bebd28cdf7601a767854c5b41e8d52c5;1518086373.0;58.511308969;28.8525320721
437aab3f88a56f32a428df1fc6b2c140bebd28cdf7601a767854c5b41e8d52c5;1518086378.0;58.8107992372;28.9096719054
437aab3f88a56f32a428df1fc6b2c140bebd28cdf7601a767854c5b41e8d52c5;1518086383.0;61.2775723763;29.7417029347
437aab3f88a56f32a428df1fc6b2c140bebd28cdf7601a767854c5b41e8d52c5;1518086388.0;62.4360863789;30.143433491
437aab3f88a56f32a428df1fc6b2c140bebd28cdf7601a767854c5b41e8d52c5;1518086393.0;62.3986500954;24.1362910118
437aab3f88a56f32a428df1fc6b2c140bebd28cdf7601a767854c5b41e8d52c5;1518086398.0;62.090303453;27.0322871332
437aab3f88a56f32a428df1fc6b2c140bebd28cdf7601a767854c5b41e8d52c5;1518086403.0;61.9454892026;23.9820708136
437aab3f88a56f32a428df1fc6b2c140bebd28cdf7601a767854c5b41e8d52c5;1518086408.0;61.9501687381;27.7329636235
437aab3f88a56f32a428df1fc6b2c140bebd28cdf7601a767854c5b41e8d52c5;1518086413.0;61.9887120684;30.3709641084
437aab3f88a56f32a428df1fc6b2c140bebd28cdf7601a767854c5b41e8d52c5;1518086418.0;74.0068138497;36.7522411483
437aab3f88a56f32a428df1fc6b2c140bebd28cdf7601a767854c5b41e8d52c5;1518086423.0;86.0062289077;39.2833795471
437aab3f88a56f32a428df1fc6b2c140bebd28cdf7601a767854c5b41e8d52c5;1518086428.0;71.0014109915;38.9536294865
437aab3f88a56f32a428df1fc6b2c140bebd28cdf7601a767854c5b41e8d52c5;1518086433.0;60.4991482688;32.1559698565
437aab3f88a56f32a428df1fc6b2c140bebd28cdf7601a767854c5b41e8d52c5;1518086438.0;58.9992213865;22.8395775566
437aab3f88a56f32a428df1fc6b2c140bebd28cdf7601a767854c5b41e8d52c5;1518086443.0;60.8748236261;31.8807963142
437aab3f88a56f32a428df1fc6b2c140bebd28cdf7601a767854c5b41e8d52c5;1518086448.0;62.1876064664;32.7305037679
437aab3f88a56f32a428df1fc6b2c140bebd28cdf7601a767854c5b41e8d52c5;1518086453.0;80.3750973267;36.8950528054
437aab3f88a56f32a428df1fc6b2c140bebd28cdf7601a767854c5b41e8d52c5;1518086458.0;89.1406470467;38.7649004607
437aab3f88a56f32a428df1fc6b2c140bebd28cdf7601a767854c5b41e8d52c5;1518086463.0;70.9765491917;32.658687029
437aab3f88a56f32a428df1fc6b2c140bebd28cdf7601a767854c5b41e8d52c5;1518086468.0;59.7031128342;29.1381183993
437aab3f88a56f32a428df1fc6b2c140bebd28cdf7601a767854c5b41e8d52c5;1518086473.0;58.6074191192;28.9043874424
437aab3f88a56f32a428df1fc6b2c140bebd28cdf7601a767854c5b41e8d52c5;1518086478.0;72.877931351;35.6676641214
437aab3f88a56f32a428df1fc6b2c140bebd28cdf7601a767854c5b41e8d52c5;1518086483.0;92.2871108957;39.1077352001
437aab3f88a56f32a428df1fc6b2c140bebd28cdf7601a767854c5b41e8d52c5;1518086488.0;98.4240726101;39.1369515697
437aab3f88a56f32a428df1fc6b2c140bebd28cdf7601a767854c5b41e8d52c5;1518086493.0;102.640258581;32.2915419848
437aab3f88a56f32a428df1fc6b2c140bebd28cdf7601a767854c5b41e8d52c5;1518086498.0;103.214111138;28.8615331
437aab3f88a56f32a428df1fc6b2c140bebd28cdf7601a767854c5b41e8d52c5;1518086503.0;102.446990924;28.8578810538
437aab3f88a56f32a428df1fc6b2c140bebd28cdf7601a767854c5b41e8d52c5;1518086508.0;101.919967677;29.7135572519
437aab3f88a56f32a428df1fc6b2c140bebd28cdf7601a767854c5b41e8d52c5;1518086513.0;101.848236108;24.1423083625
437aab3f88a56f32a428df1fc6b2c140bebd28cdf7601a767854c5b41e8d52c5;1518086518.0;101.944126135;21.1427648683
437aab3f88a56f32a428df1fc6b2c140bebd28cdf7601a767854c5b41e8d52c5;1518086523.0;102.01000404;27.0358053435
437aab3f88a56f32a428df1fc6b2c140bebd28cdf7601a767854c5b41e8d52c5;1518086528.0;102.018970487;24.7322114547
437aab3f88a56f32a428df1fc6b2c140bebd28cdf7601a767854c5b41e8d52c5;1518086533.0;102.006984233;22.1071543915
437aab3f88a56f32a428df1fc6b2c140bebd28cdf7601a767854c5b41e8d52c5;1518086538.0;101.998749495;21.3705243321
437aab3f88a56f32a428df1fc6b2c140bebd28cdf7601a767854c5b41e8d52c5;1518086543.0;101.997628689;27.6584735682
437aab3f88a56f32a428df1fc6b2c140bebd28cdf7601a767854c5b41e8d52c5;1518086548.0;101.999126971;30.9866057011
437aab3f88a56f32a428df1fc6b2c140bebd28cdf7601a767854c5b41e8d52c5;1518086553.0;102.000156313;31.0786844585
437aab3f88a56f32a428df1fc6b2c140bebd28cdf7601a767854c5b41e8d52c5;1518086558.0;102.000296414;30.292690804
437aab3f88a56f32a428df1fc6b2c140bebd28cdf7601a767854c5b41e8d52c5;1518086563.0;96.0001091286;35.8766742874
437aab3f88a56f32a428df1fc6b2c140bebd28cdf7601a767854c5b41e8d52c5;1518086568.0;86.9999804609;38.8651644427
437aab3f88a56f32a428df1fc6b2c140bebd28cdf7601a767854c5b41e8d52c5;1518086573.0;65.9999629483;32.9634136495
437aab3f88a56f32a428df1fc6b2c140bebd28cdf7601a767854c5b41e8d52c5;1518086578.0;57.7499863589;35.2654157141
437aab3f88a56f32a428df1fc6b2c140bebd28cdf7601a767854c5b41e8d52c5;1518086588.0;58.8750024424;25.8918544447
437aab3f88a56f32a428df1fc6b2c140bebd28cdf7601a767854c5b41e8d52c5;1518086593.0;79.5000046315;38.6295732938
437aab3f88a56f32a428df1fc6b2c140bebd28cdf7601a767854c5b41e8d52c5;1518086598.0;95.5312517051;41.3418230357
437aab3f88a56f32a428df1fc6b2c140bebd28cdf7601a767854c5b41e8d52c5;1518086603.0;86.3906246947;39.5135181944
437aab3f88a56f32a428df1fc6b2c140bebd28cdf7601a767854c5b41e8d52c5;1518086608.0;89.8124994211;37.9213033383
437aab3f88a56f32a428df1fc6b2c140bebd28cdf7601a767854c5b41e8d52c5;1518086613.0;93.8085935369;37.5822721205
437aab3f88a56f32a428df1fc6b2c140bebd28cdf7601a767854c5b41e8d52c5;1518086618.0;82.9511719132;37.8108102257
437aab3f88a56f32a428df1fc6b2c140bebd28cdf7601a767854c5b41e8d52c5;1518086623.0;64.5234375724;32.0098370827
437aab3f88a56f32a428df1fc6b2c140bebd28cdf7601a767854c5b41e8d52c5;1518086628.0;58.0239258079;53.0522159849
437aab3f88a56f32a428df1fc6b2c140bebd28cdf7601a767854c5b41e8d52c5;1518086633.0;59.3811035109;65.0236487218
437aab3f88a56f32a428df1fc6b2c140bebd28cdf7601a767854c5b41e8d52c5;1518086638.0;79.6845703035;53.7487703647
437aab3f88a56f32a428df1fc6b2c140bebd28cdf7601a767854c5b41e8d52c5;1518086643.0;89.497009274;39.1184730019
437aab3f88a56f32a428df1fc6b2c140bebd28cdf7601a767854c5b41e8d52c5;1518086648.0;83.3273620611;34.6220439098
437aab3f88a56f32a428df1fc6b2c140bebd28cdf7601a767854c5b41e8d52c5;1518086653.0;83.7894287121;36.0314037044
437aab3f88a56f32a428df1fc6b2c140bebd28cdf7601a767854c5b41e8d52c5;1518086658.0;85.5628738407;43.8601908748
437aab3f88a56f32a428df1fc6b2c140bebd28cdf7601a767854c5b41e8d52c5;1518086663.0;92.3340797424;47.4222445113
437aab3f88a56f32a428df1fc6b2c140bebd28cdf7601a767854c5b41e8d52c5;1518086668.0;89.276321411;47.2460745369
437aab3f88a56f32a428df1fc6b2c140bebd28cdf7601a767854c5b41e8d52c5;1518086673.0;86.0546407699;46.2674761407
437aab3f88a56f32a428df1fc6b2c140bebd28cdf7601a767854c5b41e8d52c5;1518086678.0;91.2082400322;39.8222194361
437aab3f88a56f32a428df1fc6b2c140bebd28cdf7601a767854c5b41e8d52c5;1518086683.0;100.590459824;30.8442406829
437aab3f88a56f32a428df1fc6b2c140bebd28cdf7601a767854c5b41e8d52c5;1518086688.0;103.993169904;27.9665654824
437aab3f88a56f32a428df1fc6b2c140bebd28cdf7601a767854c5b41e8d52c5;1518086693.0;103.348969996;28.7722225705
437aab3f88a56f32a428df1fc6b2c140bebd28cdf7601a767854c5b41e8d52c5;1518086698.0;102.176192522;29.8944699146
437aab3f88a56f32a428df1fc6b2c140bebd28cdf7601a767854c5b41e8d52c5;1518086703.0;101.750853762;6.2541793147
437aab3f88a56f32a428df1fc6b2c140bebd28cdf7601a767854c5b41e8d52c5;1518086708.0;101.831378751;12.1534721787
437aab3f88a56f32a428df1fc6b2c140bebd28cdf7601a767854c5b41e8d52c5;1518086713.0;101.977975935;3.01319126067
437aab3f88a56f32a428df1fc6b2c140bebd28cdf7601a767854c5b41e8d52c5;1518086718.0;102.03114328;-3.03177241434
437aab3f88a56f32a428df1fc6b2c140bebd28cdf7601a767854c5b41e8d52c5;1518086723.0;102.021077656;-3.76918402234
437aab3f88a56f32a428df1fc6b2c140bebd28cdf7601a767854c5b41e8d52c5;1518086728.0;102.002753008;-2.62664890758
437aab3f88a56f32a428df1fc6b2c140bebd28cdf7601a767854c5b41e8d52c5;1518086733.0;101.99610709;-1.87102844821
437aab3f88a56f32a428df1fc6b2c140bebd28cdf7601a767854c5b41e8d52c5;1518086738.0;101.997365293;-13.7788519972
437aab3f88a56f32a428df1fc6b2c140bebd28cdf7601a767854c5b41e8d52c5;1518086743.0;101.999655874;-25.9216688866
437aab3f88a56f32a428df1fc6b2c140bebd28cdf7601a767854c5b41e8d52c5;1518086748.0;108.000486614;-23.016121444
437aab3f88a56f32a428df1fc6b2c140bebd28cdf7601a767854c5b41e8d52c5;1518086753.0;105.000329338;-18.5276435003
437aab3f88a56f32a428df1fc6b2c140bebd28cdf7601a767854c5b41e8d52c5;1518086758.0;102.000043016;-17.0097913892
437aab3f88a56f32a428df1fc6b2c140bebd28cdf7601a767854c5b41e8d52c5;1518086763.0;101.249939173;-17.3729848195
437aab3f88a56f32a428df1fc6b2c140bebd28cdf7601a767854c5b41e8d52c5;1518086768.0;101.624958833;-23.9340445625
437aab3f88a56f32a428df1fc6b2c140bebd28cdf7601a767854c5b41e8d52c5;1518086773.0;95.999994623;-39.1237760764
437aab3f88a56f32a428df1fc6b2c140bebd28cdf7601a767854c5b41e8d52c5;1518086778.0;93.0937576033;-45.0783768976
437aab3f88a56f32a428df1fc6b2c140bebd28cdf7601a767854c5b41e8d52c5;1518086783.0;87.0468801459;-50.2582444297
437aab3f88a56f32a428df1fc6b2c140bebd28cdf7601a767854c5b41e8d52c5;1518086788.0;90.7500006721;-45.3595279905
437aab3f88a56f32a428df1fc6b2c140bebd28cdf7601a767854c5b41e8d52c5;1518086793.0;94.1132802996;-41.6152028878
437aab3f88a56f32a428df1fc6b2c140bebd28cdf7601a767854c5b41e8d52c5;1518086798.0;88.8691399818;-46.9677194463
437aab3f88a56f32a428df1fc6b2c140bebd28cdf7601a767854c5b41e8d52c5;1518086803.0;79.406249916;-56.5800590012
437aab3f88a56f32a428df1fc6b2c140bebd28cdf7601a767854c5b41e8d52c5;1518086808.0;81.9858399626;-54.048099639
437aab3f88a56f32a428df1fc6b2c140bebd28cdf7601a767854c5b41e8d52c5;1518086813.0;79.6413575023;-56.3790350692
437aab3f88a56f32a428df1fc6b2c140bebd28cdf7601a767854c5b41e8d52c5;1518086818.0;77.8242187605;-52.1774926249
437aab3f88a56f32a428df1fc6b2c140bebd28cdf7601a767854c5b41e8d52c5;1518086823.0;77.5017700047;-49.4939875451
437aab3f88a56f32a428df1fc6b2c140bebd28cdf7601a767854c5b41e8d52c5;1518086828.0;77.7948303122;-49.2026206163
437aab3f88a56f32a428df1fc6b2c140bebd28cdf7601a767854c5b41e8d52c5;1518086833.0;78.0219726549;-49.7278134219
437aab3f88a56f32a428df1fc6b2c140bebd28cdf7601a767854c5b41e8d52c5;1518086838.0;78.0622787494;-50.0632515569
437aab3f88a56f32a428df1fc6b2c140bebd28cdf7601a767854c5b41e8d52c5;1518086843.0;66.025646211;-44.099672423
437aab3f88a56f32a428df1fc6b2c140bebd28cdf7601a767854c5b41e8d52c5;1518086848.0;71.9972534181;-47.0340233223
437aab3f88a56f32a428df1fc6b2c140bebd28cdf7601a767854c5b41e8d52c5;1518086853.0;77.9922151563;-49.9920935554
437aab3f88a56f32a428df1fc6b2c140bebd28cdf7601a767854c5b41e8d52c5;1518086858.0;79.4967942236;-50.7375409471
437aab3f88a56f32a428df1fc6b2c140bebd28cdf7601a767854c5b41e8d52c5;1518086863.0;78.7503433227;-50.3707470847
437aab3f88a56f32a428df1fc6b2c140bebd28cdf7601a767854c5b41e8d52c5;1518086868.0;78.0009731055;-50.0009883056
437aab3f88a56f32a428df1fc6b2c140bebd28cdf7601a767854c5b41e8d52c5;1518086873.0;77.812900722;-49.9078073816
437aab3f88a56f32a428df1fc6b2c140bebd28cdf7601a767854c5b41e8d52c5;1518086878.0;77.9062070847;-49.9536566144
437aab3f88a56f32a428df1fc6b2c140bebd28cdf7601a767854c5b41e8d52c5;1518086883.0;77.9998783618;-49.9998764618
437aab3f88a56f32a428df1fc6b2c140bebd28cdf7601a767854c5b41e8d52c5;1518086888.0;78.0233874097;-44.0115240773
437aab3f88a56f32a428df1fc6b2c140bebd28cdf7601a767854c5b41e8d52c5;1518086893.0;78.0117241144;-47.0057929232
437aab3f88a56f32a428df1fc6b2c140bebd28cdf7601a767854c5b41e8d52c5;1518086898.0;78.0000152048;-50.0000154423
437aab3f88a56f32a428df1fc6b2c140bebd28cdf7601a767854c5b41e8d52c5;1518086903.0;77.9970765738;-50.7485594903
437aab3f88a56f32a428df1fc6b2c140bebd28cdf7601a767854c5b41e8d52c5;1518086908.0;77.9985344857;-50.3742758846
437aab3f88a56f32a428df1fc6b2c140bebd28cdf7601a767854c5b41e8d52c5;1518086913.0;77.9999980994;-49.9999980697
437aab3f88a56f32a428df1fc6b2c140bebd28cdf7601a767854c5b41e8d52c5;1518086918.0;78.0003654283;-49.9064300637
437aab3f88a56f32a428df1fc6b2c140bebd28cdf7601a767854c5b41e8d52c5;1518086923.0;78.0001831893;-49.9532155144
437aab3f88a56f32a428df1fc6b2c140bebd28cdf7601a767854c5b41e8d52c5;1518086928.0;72.0000002376;-50.0000002413
437aab3f88a56f32a428df1fc6b2c140bebd28cdf7601a767854c5b41e8d52c5;1518086933.0;74.9999543215;-50.011696242
437aab3f88a56f32a428df1fc6b2c140bebd28cdf7601a767854c5b41e8d52c5;1518086938.0;77.9999771013;-50.0058480607
437aab3f88a56f32a428df1fc6b2c140bebd28cdf7601a767854c5b41e8d52c5;1518086943.0;78.7499999703;-43.9999999698
437aab3f88a56f32a428df1fc6b2c140bebd28cdf7601a767854c5b41e8d52c5;1518086948.0;78.3750057098;-46.9985379697
437aab3f88a56f32a428df1fc6b2c140bebd28cdf7601a767854c5b41e8d52c5;1518086953.0;78.0000028623;-49.9992689924
437aab3f88a56f32a428df1fc6b2c140bebd28cdf7601a767854c5b41e8d52c5;1518086958.0;77.9062500037;-50.7500000038
437aab3f88a56f32a428df1fc6b2c140bebd28cdf7601a767854c5b41e8d52c5;1518086963.0;77.9531242863;-50.3751827538
437aab3f88a56f32a428df1fc6b2c140bebd28cdf7601a767854c5b41e8d52c5;1518086968.0;77.9999996422;-50.0000913759
437aab3f88a56f32a428df1fc6b2c140bebd28cdf7601a767854c5b41e8d52c5;1518086973.0;78.0117187495;-49.9062499995
437aab3f88a56f32a428df1fc6b2c140bebd28cdf7601a767854c5b41e8d52c5;1518086978.0;78.0058594642;-49.9531021558
437aab3f88a56f32a428df1fc6b2c140bebd28cdf7601a767854c5b41e8d52c5;1518086983.0;78.0000000447;-49.999988578
437aab3f88a56f32a428df1fc6b2c140bebd28cdf7601a767854c5b41e8d52c5;1518086988.0;77.9985351563;-50.0117187501
437aab3f88a56f32a428df1fc6b2c140bebd28cdf7601a767854c5b41e8d52c5;1518086993.0;77.999267567;-50.0058622305
437aab3f88a56f32a428df1fc6b2c140bebd28cdf7601a767854c5b41e8d52c5;1518086998.0;77.9999999944;-50.0000014277
437aab3f88a56f32a428df1fc6b2c140bebd28cdf7601a767854c5b41e8d52c5;1518087003.0;78.0001831055;-49.9985351562
437aab3f88a56f32a428df1fc6b2c140bebd28cdf7601a767854c5b41e8d52c5;1518087008.0;78.0000915541;-49.9992672212
437aab3f88a56f32a428df1fc6b2c140bebd28cdf7601a767854c5b41e8d52c5;1518087013.0;78.0000000007;-55.9999998215
437aab3f88a56f32a428df1fc6b2c140bebd28cdf7601a767854c5b41e8d52c5;1518087018.0;83.9999771118;-53.0001831055
437aab3f88a56f32a428df1fc6b2c140bebd28cdf7601a767854c5b41e8d52c5;1518087023.0;80.9999885557;-56.0000915974
437aab3f88a56f32a428df1fc6b2c140bebd28cdf7601a767854c5b41e8d52c5;1518087028.0;47.9999999999;-70.2500000223
437aab3f88a56f32a428df1fc6b2c140bebd28cdf7601a767854c5b41e8d52c5;1518087033.0;56.250002861;-70.6249771118
437aab3f88a56f32a428df1fc6b2c140bebd28cdf7601a767854c5b41e8d52c5;1518087038.0;74.6250014305;-61.2499885503
437aab3f88a56f32a428df1fc6b2c140bebd28cdf7601a767854c5b41e8d52c5;1518087043.0;75.75;-62.4687499972
437aab3f88a56f32a428df1fc6b2c140bebd28cdf7601a767854c5b41e8d52c5;1518087048.0;71.7187496424;-65.421877861
437aab3f88a56f32a428df1fc6b2c140bebd28cdf7601a767854c5b41e8d52c5;1518087053.0;69.4218748212;-66.5937514312
437aab3f88a56f32a428df1fc6b2c140bebd28cdf7601a767854c5b41e8d52c5;1518087058.0;69.28125;-66.4414062503
437aab3f88a56f32a428df1fc6b2c140bebd28cdf7601a767854c5b41e8d52c5;1518087063.0;69.7851562947;-66.0722652674
437aab3f88a56f32a428df1fc6b2c140bebd28cdf7601a767854c5b41e8d52c5;1518087068.0;64.0722656474;-65.9257810711
437aab3f88a56f32a428df1fc6b2c140bebd28cdf7601a767854c5b41e8d52c5;1518087073.0;61.08984375;-65.9448242187
437aab3f88a56f32a428df1fc6b2c140bebd28cdf7601a767854c5b41e8d52c5;1518087078.0;61.0268554632;-65.9909668416
437aab3f88a56f32a428df1fc6b2c140bebd28cdf7601a767854c5b41e8d52c5;1518087083.0;49.7409667941;-72.0092773661
437aab3f88a56f32a428df1fc6b2c140bebd28cdf7601a767854c5b41e8d52c5;1518087088.0;38.1137695312;-75.0068969727
437aab3f88a56f32a428df1fc6b2c140bebd28cdf7601a767854c5b41e8d52c5;1518087093.0;35.1216430671;-75.0011291448
437aab3f88a56f32a428df1fc6b2c140bebd28cdf7601a767854c5b41e8d52c5;1518087098.0;36.5323791507;-74.2488403292
437aab3f88a56f32a428df1fc6b2c140bebd28cdf7601a767854c5b41e8d52c5;1518087103.0;43.9857788086;-73.8741378784
437aab3f88a56f32a428df1fc6b2c140bebd28cdf7601a767854c5b41e8d52c5;1518087108.0;23.3597946166;-67.8748588569
437aab3f88a56f32a428df1fc6b2c140bebd28cdf7601a767854c5b41e8d52c5;1518087113.0;11.1834526062;-64.9688949588
437aab3f88a56f32a428df1fc6b2c140bebd28cdf7601a767854c5b41e8d52c5;1518087118.0;-1.74822235107;-65.0157327652
437aab3f88a56f32a428df1fc6b2c140bebd28cdf7601a767854c5b41e8d52c5;1518087123.0;6.83002567292;-65.7656426429
437aab3f88a56f32a428df1fc6b2c140bebd28cdf7601a767854c5b41e8d52c5;1518087128.0;14.3520684242;-66.1288881301
437aab3f88a56f32a428df1fc6b2c140bebd28cdf7601a767854c5b41e8d52c5;1518087133.0;-14.0314722061;-66.1230334044
437aab3f88a56f32a428df1fc6b2c140bebd28cdf7601a767854c5b41e8d52c5;1518087138.0;-18.1037532091;-66.0292946696
437aab3f88a56f32a428df1fc6b2c140bebd28cdf7601a767854c5b41e8d52c5;1518087143.0;-25.044008553;-65.9838889837
437aab3f88a56f32a428df1fc6b2c140bebd28cdf7601a767854c5b41e8d52c5;1518087148.0;-27.4960659742;-65.9846208245
437aab3f88a56f32a428df1fc6b2c140bebd28cdf7601a767854c5b41e8d52c5;1518087153.0;-26.9870308489;-65.9963381663
437aab3f88a56f32a428df1fc6b2c140bebd28cdf7601a767854c5b41e8d52c5;1518087158.0;-26.1194989309;-66.002013877
437aab3f88a56f32a428df1fc6b2c140bebd28cdf7601a767854c5b41e8d52c5;1518087163.0;-43.8129917532;-72.0019223969
437aab3f88a56f32a428df1fc6b2c140bebd28cdf7601a767854c5b41e8d52c5;1518087168.0;-52.8766211439;-75.0004577292
437aab3f88a56f32a428df1fc6b2c140bebd28cdf7601a767854c5b41e8d52c5;1518087173.0;-52.9850626336;-74.9997482654
437aab3f88a56f32a428df1fc6b2c140bebd28cdf7601a767854c5b41e8d52c5;1518087178.0;-56.7733760308;-68.2497597004
437aab3f88a56f32a428df1fc6b2c140bebd28cdf7601a767854c5b41e8d52c5;1518087183.0;-58.640422357;-64.8749427838
437aab3f88a56f32a428df1fc6b2c140bebd28cdf7601a767854c5b41e8d52c5;1518087188.0;-70.6268671708;-64.8750314668
437aab3f88a56f32a428df1fc6b2c140bebd28cdf7601a767854c5b41e8d52c5;1518087193.0;-76.1533279961;-65.7187800375
437aab3f88a56f32a428df1fc6b2c140bebd28cdf7601a767854c5b41e8d52c5;1518087198.0;-75.9199472054;-66.140632152
437aab3f88a56f32a428df1fc6b2c140bebd28cdf7601a767854c5b41e8d52c5;1518087203.0;-74.4216416037;-66.1406210666
437aab3f88a56f32a428df1fc6b2c140bebd28cdf7601a767854c5b41e8d52c5;1518087208.0;-67.7308340005;-60.0351524953
437aab3f88a56f32a428df1fc6b2c140bebd28cdf7601a767854c5b41e8d52c5;1518087213.0;-70.7600065993;-50.982420981
437aab3f88a56f32a428df1fc6b2c140bebd28cdf7601a767854c5b41e8d52c5;1518087218.0;-61.9472947995;-53.9824223667
437aab3f88a56f32a428df1fc6b2c140bebd28cdf7601a767854c5b41e8d52c5;1518087223.0;-62.7836457499;-57.7456059381
437aab3f88a56f32a428df1fc6b2c140bebd28cdf7601a767854c5b41e8d52c5;1518087228.0;-65.4049991751;-58.8771973774
437aab3f88a56f32a428df1fc6b2c140bebd28cdf7601a767854c5b41e8d52c5;1518087233.0;-72.5065881501;-52.5021972042
437aab3f88a56f32a428df1fc6b2c140bebd28cdf7601a767854c5b41e8d52c5;1518087238.0;-69.4020442813;-55.0317992577
437aab3f88a56f32a428df1fc6b2c140bebd28cdf7601a767854c5b41e8d52c5;1518087243.0;-78.0743751031;-57.8903503278
437aab3f88a56f32a428df1fc6b2c140bebd28cdf7601a767854c5b41e8d52c5;1518087248.0;-83.1866764812;-58.6872253495
437aab3f88a56f32a428df1fc6b2c140bebd28cdf7601a767854c5b41e8d52c5;1518087253.0;-83.5747444648;-58.3710250928
437aab3f88a56f32a428df1fc6b2c140bebd28cdf7601a767854c5b41e8d52c5;1518087258.0;-82.4907031121;-58.013706209
437aab3f88a56f32a428df1fc6b2c140bebd28cdf7601a767854c5b41e8d52c5;1518087263.0;-81.8516654398;-57.9140968313
437aab3f88a56f32a428df1fc6b2c140bebd28cdf7601a767854c5b41e8d52c5;1518087268.0;-81.8031569419;-57.9536218634
437aab3f88a56f32a428df1fc6b2c140bebd28cdf7601a767854c5b41e8d52c5;1518087273.0;-69.938662111;-57.9982867239
437aab3f88a56f32a428df1fc6b2c140bebd28cdf7601a767854c5b41e8d52c5;1518087278.0;-70.01854182;-52.0107378961
437aab3f88a56f32a428df1fc6b2c140bebd28cdf7601a767854c5b41e8d52c5;1518087283.0;-73.0246053823;-49.0057972671
437aab3f88a56f32a428df1fc6b2c140bebd28cdf7601a767854c5b41e8d52c5;1518087288.0;-74.5076672361;-49.0002141595
437aab3f88a56f32a428df1fc6b2c140bebd28cdf7601a767854c5b41e8d52c5;1518087293.0;-74.4976822725;-49.748657763
437aab3f88a56f32a428df1fc6b2c140bebd28cdf7601a767854c5b41e8d52c5;1518087298.0;-80.1219243272;-56.1242753416
437aab3f88a56f32a428df1fc6b2c140bebd28cdf7601a767854c5b41e8d52c5;1518087303.0;-64.9365415955;-59.1249732301
437aab3f88a56f32a428df1fc6b2c140bebd28cdf7601a767854c5b41e8d52c5;1518087308.0;-67.9377897159;-53.0314177796
437aab3f88a56f32a428df1fc6b2c140bebd28cdf7601a767854c5b41e8d52c5;1518087313.0;-73.2347594591;-49.2344655823
437aab3f88a56f32a428df1fc6b2c140bebd28cdf7601a767854c5b41e8d52c5;1518087318.0;-75.1329323006;-48.8593783462
437aab3f88a56f32a428df1fc6b2c140bebd28cdf7601a767854c5b41e8d52c5;1518087323.0;-68.7577762855;-55.6210727775
437aab3f88a56f32a428df1fc6b2c140bebd28cdf7601a767854c5b41e8d52c5;1518087328.0;-71.0956550676;-65.0956918022
437aab3f88a56f32a428df1fc6b2c140bebd28cdf7601a767854c5b41e8d52c5;1518087333.0;-73.8583834624;-68.1425777067
437aab3f88a56f32a428df1fc6b2c140bebd28cdf7601a767854c5b41e8d52c5;1518087338.0;-86.6552779643;-55.2973659028
437aab3f88a56f32a428df1fc6b2c140bebd28cdf7601a767854c5b41e8d52c5;1518087343.0;-92.3630431165;-48.1130385247
437aab3f88a56f32a428df1fc6b2c140bebd28cdf7601a767854c5b41e8d52c5;1518087348.0;-92.0177020672;-47.7321777867
437aab3f88a56f32a428df1fc6b2c140bebd28cdf7601a767854c5b41e8d52c5;1518087353.0;-102.418090254;-25.3378292621
437aab3f88a56f32a428df1fc6b2c140bebd28cdf7601a767854c5b41e8d52c5;1518087358.0;-101.70461961;-20.2358701844
437aab3f88a56f32a428df1fc6b2c140bebd28cdf7601a767854c5b41e8d52c5;1518087363.0;-98.7477872416;-23.2834777767
437aab3f88a56f32a428df1fc6b2c140bebd28cdf7601a767854c5b41e8d52c5;1518087368.0;-97.4477387182;-26.0827713422
437aab3f88a56f32a428df1fc6b2c140bebd28cdf7601a767854c5b41e8d52c5;1518087373.0;-103.536922549;-8.72051622695
437aab3f88a56f32a428df1fc6b2c140bebd28cdf7601a767854c5b41e8d52c5;1518087378.0;-106.906526595;6.66043472208
437aab3f88a56f32a428df1fc6b2c140bebd28cdf7601a767854c5b41e8d52c5;1518087383.0;-107.06903266;4.01034641778
437aab3f88a56f32a428df1fc6b2c140bebd28cdf7601a767854c5b41e8d52c5;1518087388.0;-106.307884681;-1.15993547163
437aab3f88a56f32a428df1fc6b2c140bebd28cdf7601a767854c5b41e8d52c5;1518087393.0;-105.886684176;2.91744565974
437aab3f88a56f32a428df1fc6b2c140bebd28cdf7601a767854c5b41e8d52c5;1518087398.0;-105.866370917;6.24870669778
437aab3f88a56f32a428df1fc6b2c140bebd28cdf7601a767854c5b41e8d52c5;1518087403.0;-105.961514415;18.894991934
437aab3f88a56f32a428df1fc6b2c140bebd28cdf7601a767854c5b41e8d52c5;1518087408.0;-100.014164478;30.3853192925
437aab3f88a56f32a428df1fc6b2c140bebd28cdf7601a767854c5b41e8d52c5;1518087413.0;-103.016703635;14.9689116628
437aab3f88a56f32a428df1fc6b2c140bebd28cdf7601a767854c5b41e8d52c5;1518087418.0;-100.004810698;22.3881260083
437aab3f88a56f32a428df1fc6b2c140bebd28cdf7601a767854c5b41e8d52c5;1518087423.0;-97.7482294402;29.9518350884
437aab3f88a56f32a428df1fc6b2c140bebd28cdf7601a767854c5b41e8d52c5;1518087428.0;-97.3729120456;37.8788860422
437aab3f88a56f32a428df1fc6b2c140bebd28cdf7601a767854c5b41e8d52c5;1518087433.0;-97.7493986627;39.951484249
437aab3f88a56f32a428df1fc6b2c140bebd28cdf7601a767854c5b41e8d52c5;1518087438.0;-98.03147132;39.0060206139
437aab3f88a56f32a428df1fc6b2c140bebd28cdf7601a767854c5b41e8d52c5;1518087443.0;-98.0783859943;38.0151392447
437aab3f88a56f32a428df1fc6b2c140bebd28cdf7601a767854c5b41e8d52c5;1518087448.0;-98.0313251672;37.7560644689
437aab3f88a56f32a428df1fc6b2c140bebd28cdf7601a767854c5b41e8d52c5;1518087453.0;-97.996066085;37.8742474233
437aab3f88a56f32a428df1fc6b2c140bebd28cdf7601a767854c5b41e8d52c5;1518087458.0;-97.9902017507;37.9981075944
437aab3f88a56f32a428df1fc6b2c140bebd28cdf7601a767854c5b41e8d52c5;1518087463.0;-97.9960843541;38.0304919414
437aab3f88a56f32a428df1fc6b2c140bebd28cdf7601a767854c5b41e8d52c5;1518087468.0;-98.0004917394;32.0157190721
437aab3f88a56f32a428df1fc6b2c140bebd28cdf7601a767854c5b41e8d52c5;1518087473.0;-86.0012247812;47.0002365507
437aab3f88a56f32a428df1fc6b2c140bebd28cdf7601a767854c5b41e8d52c5;1518087478.0;-80.0004894557;55.9961885073
437aab3f88a56f32a428df1fc6b2c140bebd28cdf7601a767854c5b41e8d52c5;1518087483.0;-79.9999385326;56.748035116
437aab3f88a56f32a428df1fc6b2c140bebd28cdf7601a767854c5b41e8d52c5;1518087488.0;-81.4998469024;60.8749704312
437aab3f88a56f32a428df1fc6b2c140bebd28cdf7601a767854c5b41e8d52c5;1518087493.0;-82.249938818;62.7504764366
437aab3f88a56f32a428df1fc6b2c140bebd28cdf7601a767854c5b41e8d52c5;1518087498.0;-70.2500076834;68.6564956105
437aab3f88a56f32a428df1fc6b2c140bebd28cdf7601a767854c5b41e8d52c5;1518087503.0;-64.0625191372;71.1406286961
437aab3f88a56f32a428df1fc6b2c140bebd28cdf7601a767854c5b41e8d52c5;1518087508.0;-69.9687576477;70.9061904454
437aab3f88a56f32a428df1fc6b2c140bebd28cdf7601a767854c5b41e8d52c5;1518087513.0;-74.4687490396;70.1679380487
437aab3f88a56f32a428df1fc6b2c140bebd28cdf7601a767854c5b41e8d52c5;1518087518.0;-69.2421851078;69.857421413
437aab3f88a56f32a428df1fc6b2c140bebd28cdf7601a767854c5b41e8d52c5;1518087523.0;-71.503905294;69.8867261943
437aab3f88a56f32a428df1fc6b2c140bebd28cdf7601a767854c5b41e8d52c5;1518087528.0;-73.9414063701;69.9790077439
437aab3f88a56f32a428df1fc6b2c140bebd28cdf7601a767854c5b41e8d52c5;1518087533.0;-74.5947268615;70.0178223234
437aab3f88a56f32a428df1fc6b2c140bebd28cdf7601a767854c5b41e8d52c5;1518087538.0;-74.3120118382;70.0141592257
437aab3f88a56f32a428df1fc6b2c140bebd28cdf7601a767854c5b41e8d52c5;1518087543.0;-68.0073242037;64.002624032
437aab3f88a56f32a428df1fc6b2c140bebd28cdf7601a767854c5b41e8d52c5;1518087548.0;-58.9256591423;60.9977722096
437aab3f88a56f32a428df1fc6b2c140bebd28cdf7601a767854c5b41e8d52c5;1518087553.0;-49.9609985202;60.9982300968
437aab3f88a56f32a428df1fc6b2c140bebd28cdf7601a767854c5b41e8d52c5;1518087558.0;-53.7490844745;61.749671996
437aab3f88a56f32a428df1fc6b2c140bebd28cdf7601a767854c5b41e8d52c5;1518087563.0;-39.8842926072;62.1252784738
437aab3f88a56f32a428df1fc6b2c140bebd28cdf7601a767854c5b41e8d52c5;1518087568.0;-44.004875185;62.1252212379
437aab3f88a56f32a428df1fc6b2c140bebd28cdf7601a767854c5b41e8d52c5;1518087573.0;-49.5313644407;62.0312910005
437aab3f88a56f32a428df1fc6b2c140bebd28cdf7601a767854c5b41e8d52c5;1518087578.0;-45.2644634241;61.9843401908
437aab3f88a56f32a428df1fc6b2c140bebd28cdf7601a767854c5b41e8d52c5;1518087583.0;-35.7493906019;61.9843473453
437aab3f88a56f32a428df1fc6b2c140bebd28cdf7601a767854c5b41e8d52c5;1518087588.0;-32.0585794449;67.9960886249
437aab3f88a56f32a428df1fc6b2c140bebd28cdf7601a767854c5b41e8d52c5;1518087593.0;-32.591942072;65.0019574762
437aab3f88a56f32a428df1fc6b2c140bebd28cdf7601a767854c5b41e8d52c5;1518087598.0;-27.7813261748;62.0019565818
437aab3f88a56f32a428df1fc6b2c140bebd28cdf7601a767854c5b41e8d52c5;1518087603.0;-25.2426775694;61.2504889219
437aab3f88a56f32a428df1fc6b2c140bebd28cdf7601a767854c5b41e8d52c5;1518087608.0;-25.176007241;61.6247553155
437aab3f88a56f32a428df1fc6b2c140bebd28cdf7601a767854c5b41e8d52c5;1518087613.0;-25.7773342282;61.9997554273
437aab3f88a56f32a428df1fc6b2c140bebd28cdf7601a767854c5b41e8d52c5;1518087618.0;-26.0946653038;62.0936888848
437aab3f88a56f32a428df1fc6b2c140bebd28cdf7601a767854c5b41e8d52c5;1518087623.0;-26.1029990949;62.0469055856
437aab3f88a56f32a428df1fc6b2c140bebd28cdf7601a767854c5b41e8d52c5;1518087628.0;-26.0278332215;62.0000305716
437aab3f88a56f32a428df1fc6b2c140bebd28cdf7601a767854c5b41e8d52c5;1518087633.0;-13.988166837;61.9882888894
437aab3f88a56f32a428df1fc6b2c140bebd28cdf7601a767854c5b41e8d52c5;1518087638.0;-7.98712511314;61.9941368018
437aab3f88a56f32a428df1fc6b2c140bebd28cdf7601a767854c5b41e8d52c5;1518087643.0;-7.99652084731;61.9999961786
437aab3f88a56f32a428df1fc6b2c140bebd28cdf7601a767854c5b41e8d52c5;1518087648.0;-9.50147914537;62.0014638888
437aab3f88a56f32a428df1fc6b2c140bebd28cdf7601a767854c5b41e8d52c5;1518087653.0;-10.2516093609;62.0007328998
437aab3f88a56f32a428df1fc6b2c140bebd28cdf7601a767854c5b41e8d52c5;1518087658.0;7.74956510591;62.0000004777
437aab3f88a56f32a428df1fc6b2c140bebd28cdf7601a767854c5b41e8d52c5;1518087663.0;-1.06231510683;61.9998170139
437aab3f88a56f32a428df1fc6b2c140bebd28cdf7601a767854c5b41e8d52c5;1518087673.0;-9.96854882989;61.9999083875
437aab3f88a56f32a428df1fc6b2c140bebd28cdf7601a767854c5b41e8d52c5;1518087678.0;-12.2186956382;73.9999999403
437aab3f88a56f32a428df1fc6b2c140bebd28cdf7601a767854c5b41e8d52c5;1518087683.0;-11.1172106116;68.0000228733
437aab3f88a56f32a428df1fc6b2c140bebd28cdf7601a767854c5b41e8d52c5;1518087688.0;-10.0039313963;62.0000114516
437aab3f88a56f32a428df1fc6b2c140bebd28cdf7601a767854c5b41e8d52c5;1518087693.0;-9.72266304522;72.5000000075
437aab3f88a56f32a428df1fc6b2c140bebd28cdf7601a767854c5b41e8d52c5;1518087698.0;-9.86034867354;73.2499971408
437aab3f88a56f32a428df1fc6b2c140bebd28cdf7601a767854c5b41e8d52c5;1518087703.0;-9.99950857547;64.9999985686
437aab3f88a56f32a428df1fc6b2c140bebd28cdf7601a767854c5b41e8d52c5;1518087708.0;1.96533288065;60.6874999991
437aab3f88a56f32a428df1fc6b2c140bebd28cdf7601a767854c5b41e8d52c5;1518087713.0;-4.01745641581;60.5937503574
437aab3f88a56f32a428df1fc6b2c140bebd28cdf7601a767854c5b41e8d52c5;1518087718.0;-10.0000614281;67.6250001789
437aab3f88a56f32a428df1fc6b2c140bebd28cdf7601a767854c5b41e8d52c5;1518087723.0;-11.4956666101;65.1640625001
437aab3f88a56f32a428df1fc6b2c140bebd28cdf7601a767854c5b41e8d52c5;1518087728.0;-10.747817948;62.1757812053
437aab3f88a56f32a428df1fc6b2c140bebd28cdf7601a767854c5b41e8d52c5;1518087733.0;-9.99999232149;61.2968749776
437aab3f88a56f32a428df1fc6b2c140bebd28cdf7601a767854c5b41e8d52c5;1518087738.0;-9.81304167374;61.6044921875
437aab3f88a56f32a428df1fc6b2c140bebd28cdf7601a767854c5b41e8d52c5;1518087743.0;2.0934772435;61.9780273493
437aab3f88a56f32a428df1fc6b2c140bebd28cdf7601a767854c5b41e8d52c5;1518087748.0;-4.00000095981;62.0878906278
437aab3f88a56f32a428df1fc6b2c140bebd28cdf7601a767854c5b41e8d52c5;1518087753.0;1.97663020922;62.0494384766
437aab3f88a56f32a428df1fc6b2c140bebd28cdf7601a767854c5b41e8d52c5;1518087758.0;6.48831534456;62.0027465813
437aab3f88a56f32a428df1fc6b2c140bebd28cdf7601a767854c5b41e8d52c5;1518087763.0;-4.74999988002;67.9890136715
437aab3f88a56f32a428df1fc6b2c140bebd28cdf7601a767854c5b41e8d52c5;1518087768.0;0.502921223848;64.9938201904
437aab3f88a56f32a428df1fc6b2c140bebd28cdf7601a767854c5b41e8d52c5;1518087773.0;-6.06103941807;61.9996566773
437aab3f88a56f32a428df1fc6b2c140bebd28cdf7601a767854c5b41e8d52c5;1518087778.0;-10.656250015;61.2513732911
437aab3f88a56f32a428df1fc6b2c140bebd28cdf7601a767854c5b41e8d52c5;1518087783.0;-11.312865153;61.6257724762
437aab3f88a56f32a428df1fc6b2c140bebd28cdf7601a767854c5b41e8d52c5;1518087788.0;1.50762992726;62.0000429153
437aab3f88a56f32a428df1fc6b2c140bebd28cdf7601a767854c5b41e8d52c5;1518087793.0;8.08203125187;62.0935783386
437aab3f88a56f32a428df1fc6b2c140bebd28cdf7601a767854c5b41e8d52c5;1518087798.0;-3.83589185588;62.0467784405
437aab3f88a56f32a428df1fc6b2c140bebd28cdf7601a767854c5b41e8d52c5;1518087803.0;-11.4384537409;67.9999946356
