sourcemac;timestamp;x_m;y_m
437aab3f88a56f32a428df1fc6b2c140bebd28cdf7601a767854c5b41e8d52c5;1518086113.0;3.0;63.0
437aab3f88a56f32a428df1fc6b2c140bebd28cdf7601a767854c5b41e8d52c5;1518086117.5;3.0;63.0
437aab3f88a56f32a428df1fc6b2c140bebd28cdf7601a767854c5b41e8d52c5;1518086122.0;3.0;63.0
437aab3f88a56f32a428df1fc6b2c140bebd28cdf7601a767854c5b41e8d52c5;1518086125.0;3.0;63.0
437aab3f88a56f32a428df1fc6b2c140bebd28cdf7601a767854c5b41e8d52c5;1518086129.5;3.0;63.0
437aab3f88a56f32a428df1fc6b2c140bebd28cdf7601a767854c5b41e8d52c5;1518086131.0;3.0;63.0
437aab3f88a56f32a428df1fc6b2c140bebd28cdf7601a767854c5b41e8d52c5;1518086134.0;3.0;63.0
437aab3f88a56f32a428df1fc6b2c140bebd28cdf7601a767854c5b41e8d52c5;1518086138.5;3.0;63.0
437aab3f88a56f32a428df1fc6b2c140bebd28cdf7601a767854c5b41e8d52c5;1518086141.5;3.0;63.0
437aab3f88a56f32a428df1fc6b2c140bebd28cdf7601a767854c5b41e8d52c5;1518086143.0;3.0;63.0
437aab3f88a56f32a428df1fc6b2c140bebd28cdf7601a767854c5b41e8d52c5;1518086146.0;3.0;63.0
437aab3f88a56f32a428df1fc6b2c140bebd28cdf7601a767854c5b41e8d52c5;1518086149.0;-9.0;63.0
437aab3f88a56f32a428df1fc6b2c140bebd28cdf7601a767854c5b41e8d52c5;1518086150.5;-9.0;63.0
437aab3f88a56f32a428df1fc6b2c140bebd28cdf7601a767854c5b41e8d52c5;1518086153.5;-9.0;69.0
437aab3f88a56f32a428df1fc6b2c140bebd28cdf7601a767854c5b41e8d52c5;1518086155.0;-15.0;69.0
437aab3f88a56f32a428df1fc6b2c140bebd28cdf7601a767854c5b41e8d52c5;1518086158.0;-15.0;75.0
437aab3f88a56f32a428df1fc6b2c140bebd28cdf7601a767854c5b41e8d52c5;1518086162.5;-15.0;75.0
437aab3f88a56f32a428df1fc6b2c140bebd28cdf7601a767854c5b41e8d52c5;1518086171.5;-15.0;75.0
437aab3f88a56f32a428df1fc6b2c140bebd28cdf7601a767854c5b41e8d52c5;1518086176.0;-15.0;75.0
437aab3f88a56f32a428df1fc6b2c140bebd28cdf7601a767854c5b41e8d52c5;1518086179.0;-15.0;75.0
437aab3f88a56f32a428df1fc6b2c140bebd28cdf7601a767854c5b41e8d52c5;1518086183.5;-15.0;75.0
437aab3f88a56f32a428df1fc6b2c140bebd28cdf7601a767854c5b41e8d52c5;1518086186.5;-15.0;75.0
437aab3f88a56f32a428df1fc6b2c140bebd28cdf7601a767854c5b41e8d52c5;1518086188.0;-15.0;75.0
437aab3f88a56f32a428df1fc6b2c140bebd28cdf7601a767854c5b41e8d52c5;1518086191.0;-15.0;75.0
437aab3f88a56f32a428df1fc6b2c140bebd28cdf7601a767854c5b41e8d52c5;1518086198.5;-15.0;75.0
437aab3f88a56f32a428df1fc6b2c140bebd28cdf7601a767854c5b41e8d52c5;1518086203.0;-15.0;75.0
437aab3f88a56f32a428df1fc6b2c140bebd28cdf7601a767854c5b41e8d52c5;1518086204.5;-15.0;75.0
437aab3f88a56f32a428df1fc6b2c140bebd28cdf7601a767854c5b41e8d52c5;1518086207.5;-15.0;75.0
437aab3f88a56f32a428df1fc6b2c140bebd28cdf7601a767854c5b41e8d52c5;1518086209.0;-15.0;75.0
437aab3f88a56f32a428df1fc6b2c140bebd28cdf7601a767854c5b41e8d52c5;1518086212.0;-15.0;75.0
437aab3f88a56f32a428df1fc6b2c140bebd28cdf7601a767854c5b41e8d52c5;1518086215.0;-15.0;75.0
437aab3f88a56f32a428df1fc6b2c140bebd28cdf7601a767854c5b41e8d52c5;1518086219.5;3.0;75.0
437aab3f88a56f32a428df1fc6b2c140bebd28cdf7601a767854c5b41e8d52c5;1518086224.0;3.0;75.0
437aab3f88a56f32a428df1fc6b2c140bebd28cdf7601a767854c5b41e8d52c5;1518086228.5;9.0;75.0
437aab3f88a56f32a428df1fc6b2c140bebd28cdf7601a767854c5b41e8d52c5;1518086233.0;21.0;75.0
437aab3f88a56f32a428df1fc6b2c140bebd28cdf7601a767854c5b41e8d52c5;1518086237.5;27.0;75.0
437aab3f88a56f32a428df1fc6b2c140bebd28cdf7601a767854c5b41e8d52c5;1518086240.5;27.0;75.0
437aab3f88a56f32a428df1fc6b2c140bebd28cdf7601a767854c5b41e8d52c5;1518086242.0;27.0;75.0
437aab3f88a56f32a428df1fc6b2c140bebd28cdf7601a767854c5b41e8d52c5;1518086245.0;27.0;75.0
437aab3f88a56f32a428df1fc6b2c140bebd28cdf7601a767854c5b41e8d52c5;1518086249.5;27.0;69.0
437aab3f88a56f32a428df1fc6b2c140bebd28cdf7601a767854c5b41e8d52c5;1518086252.5;27.0;69.0
437aab3f88a56f32a428df1fc6b2c140bebd28cdf7601a767854c5b41e8d52c5;1518086254.0;27.0;69.0
437aab3f88a56f32a428df1fc6b2c140bebd28cdf7601a767854c5b41e8d52c5;1518086257.0;45.0;69.0
437aab3f88a56f32a428df1fc6b2c140bebd28cdf7601a767854c5b41e8d52c5;1518086261.5;45.0;69.0
437aab3f88a56f32a428df1fc6b2c140bebd28cdf7601a767854c5b41e8d52c5;1518086266.0;45.0;69.0
437aab3f88a56f32a428df1fc6b2c140bebd28cdf7601a767854c5b41e8d52c5;1518086269.0;45.0;69.0
437aab3f88a56f32a428df1fc6b2c140bebd28cdf7601a767854c5b41e8d52c5;1518086273.5;51.0;69.0
437aab3f88a56f32a428df1fc6b2c140bebd28cdf7601a767854c5b41e8d52c5;1518086275.0;51.0;69.0
437aab3f88a56f32a428df1fc6b2c140bebd28cdf7601a767854c5b41e8d52c5;1518086278.0;51.0;69.0
437aab3f88a56f32a428df1fc6b2c140bebd28cdf7601a767854c5b41e8d52c5;1518086281.0;63.0;69.0
437aab3f88a56f32a428df1fc6b2c140bebd28cdf7601a767854c5b41e8d52c5;1518086287.0;63.0;69.0
437aab3f88a56f32a428df1fc6b2c140bebd28cdf7601a767854c5b41e8d52c5;1518086290.0;69.0;63.0
437aab3f88a56f32a428df1fc6b2c140bebd28cdf7601a767854c5b41e8d52c5;1518086294.5;69.0;63.0
437aab3f88a56f32a428df1fc6b2c140bebd28cdf7601a767854c5b41e8d52c5;1518086296.0;69.0;63.0
437aab3f88a56f32a428df1fc6b2c140bebd28cdf7601a767854c5b41e8d52c5;1518086297.5;69.0;63.0
437aab3f88a56f32a428df1fc6b2c140bebd28cdf7601a767854c5b41e8d52c5;1518086299.0;69.0;63.0
437aab3f88a56f32a428df1fc6b2c140bebd28cdf7601a767854c5b41e8d52c5;1518086302.0;69.0;63.0
437aab3f88a56f32a428df1fc6b2c140bebd28cdf7601a767854c5b41e8d52c5;1518086303.5;69.0;63.0
437aab3f88a56f32a428df1fc6b2c140bebd28cdf7601a767854c5b41e8d52c5;1518086305.0;69.0;63.0
437aab3f88a56f32a428df1fc6b2c140bebd28cdf7601a767854c5b41e8d52c5;1518086306.5;69.0;63.0
437aab3f88a56f32a428df1fc6b2c140bebd28cdf7601a767854c5b41e8d52c5;1518086308.0;69.0;63.0
437aab3f88a56f32a428df1fc6b2c140bebd28cdf7601a767854c5b41e8d52c5;1518086309.5;69.0;63.0
437aab3f88a56f32a428df1fc6b2c140bebd28cdf7601a767854c5b41e8d52c5;1518086311.0;69.0;57.0
437aab3f88a56f32a428df1fc6b2c140bebd28cdf7601a767854c5b41e8d52c5;1518086314.0;69.0;57.0
437aab3f88a56f32a428df1fc6b2c140bebd28cdf7601a767854c5b41e8d52c5;1518086315.5;69.0;51.0
437aab3f88a56f32a428df1fc6b2c140bebd28cdf7601a767854c5b41e8d52c5;1518086318.5;69.0;51.0
437aab3f88a56f32a428df1fc6b2c140bebd28cdf7601a767854c5b41e8d52c5;1518086320.0;69.0;51.0
437aab3f88a56f32a428df1fc6b2c140bebd28cdf7601a767854c5b41e8d52c5;1518086323.0;69.0;51.0
437aab3f88a56f32a428df1fc6b2c140bebd28cdf7601a767854c5b41e8d52c5;1518086327.5;75.0;39.0
437aab3f88a56f32a428df1fc6b2c140bebd28cdf7601a767854c5b41e8d52c5;1518086332.0;75.0;39.0
437aab3f88a56f32a428df1fc6b2c140bebd28cdf7601a767854c5b41e8d52c5;1518086335.0;75.0;39.0
437aab3f88a56f32a428df1fc6b2c140bebd28cdf7601a767854c5b41e8d52c5;1518086339.5;75.0;39.0
437aab3f88a56f32a428df1fc6b2c140bebd28cdf7601a767854c5b41e8d52c5;1518086341.0;75.0;39.0
437aab3f88a56f32a428df1fc6b2c140bebd28cdf7601a767854c5b41e8d52c5;1518086342.5;81.0;39.0
437aab3f88a56f32a428df1fc6b2c140bebd28cdf7601a767854c5b41e8d52c5;1518086344.0;81.0;39.0
437aab3f88a56f32a428df1fc6b2c140bebd28cdf7601a767854c5b41e8d52c5;1518086348.5;81.0;39.0
437aab3f88a56f32a428df1fc6b2c140bebd28cdf7601a767854c5b41e8d52c5;1518086351.5;81.0;39.0
437aab3f88a56f32a428df1fc6b2c140bebd28cdf7601a767854c5b41e8d52c5;1518086353.0;81.0;39.0
437aab3f88a56f32a428df1fc6b2c140bebd28cdf7601a767854c5b41e8d52c5;1518086356.0;81.0;39.0
437aab3f88a56f32a428df1fc6b2c140bebd28cdf7601a767854c5b41e8d52c5;1518086359.0;81.0;39.0
437aab3f88a56f32a428df1fc6b2c140bebd28cdf7601a767854c5b41e8d52c5;1518086360.5;81.0;39.0
437aab3f88a56f32a428df1fc6b2c140bebd28cdf7601a767854c5b41e8d52c5;1518086362.0;81.0;39.0
437aab3f88a56f32a428df1fc6b2c140bebd28cdf7601a767854c5b41e8d52c5;1518086365.0;81.0;39.0
437aab3f88a56f32a428df1fc6b2c140bebd28cdf7601a767854c5b41e8d52c5;1518086368.0;81.0;39.0
437aab3f88a56f32a428df1fc6b2c140bebd28cdf7601a767854c5b41e8d52c5;1518086372.5;81.0;39.0
437aab3f88a56f32a428df1fc6b2c140bebd28cdf7601a767854c5b41e8d52c5;1518086374.0;81.0;39.0
437aab3f88a56f32a428df1fc6b2c140bebd28cdf7601a767854c5b41e8d52c5;1518086377.0;81.0;39.0
437aab3f88a56f32a428df1fc6b2c140bebd28cdf7601a767854c5b41e8d52c5;1518086381.5;81.0;39.0
437aab3f88a56f32a428df1fc6b2c140bebd28cdf7601a767854c5b41e8d52c5;1518086386.0;81.0;39.0
437aab3f88a56f32a428df1fc6b2c140bebd28cdf7601a767854c5b41e8d52c5;1518086389.0;81.0;39.0
437aab3f88a56f32a428df1fc6b2c140bebd28cdf7601a767854c5b41e8d52c5;1518086393.5;81.0;39.0
437aab3f88a56f32a428df1fc6b2c140bebd28cdf7601a767854c5b41e8d52c5;1518086398.0;81.0;39.0
437aab3f88a56f32a428df1fc6b2c140bebd28cdf7601a767854c5b41e8d52c5;1518086401.0;81.0;39.0
437aab3f88a56f32a428df1fc6b2c140bebd28cdf7601a767854c5b41e8d52c5;1518086402.5;81.0;39.0
437aab3f88a56f32a428df1fc6b2c140bebd28cdf7601a767854c5b41e8d52c5;1518086407.0;81.0;33.0
437aab3f88a56f32a428df1fc6b2c140bebd28cdf7601a767854c5b41e8d52c5;1518086410.0;81.0;33.0
437aab3f88a56f32a428df1fc6b2c140bebd28cdf7601a767854c5b41e8d52c5;1518086414.5;81.0;33.0
437aab3f88a56f32a428df1fc6b2c140bebd28cdf7601a767854c5b41e8d52c5;1518086419.0;81.0;33.0
437aab3f88a56f32a428df1fc6b2c140bebd28cdf7601a767854c5b41e8d52c5;1518086422.0;81.0;33.0
437aab3f88a56f32a428df1fc6b2c140bebd28cdf7601a767854c5b41e8d52c5;1518086426.5;81.0;33.0
437aab3f88a56f32a428df1fc6b2c140bebd28cdf7601a767854c5b41e8d52c5;1518086428.0;81.0;33.0
437aab3f88a56f32a428df1fc6b2c140bebd28cdf7601a767854c5b41e8d52c5;1518086431.0;81.0;33.0
437aab3f88a56f32a428df1fc6b2c140bebd28cdf7601a767854c5b41e8d52c5;1518086434.0;81.0;33.0
437aab3f88a56f32a428df1fc6b2c140bebd28cdf7601a767854c5b41e8d52c5;1518086440.0;81.0;33.0
437aab3f88a56f32a428df1fc6b2c140bebd28cdf7601a767854c5b41e8d52c5;1518086443.0;81.0;33.0
437aab3f88a56f32a428df1fc6b2c140bebd28cdf7601a767854c5b41e8d52c5;1518086446.0;81.0;33.0
437aab3f88a56f32a428df1fc6b2c140bebd28cdf7601a767854c5b41e8d52c5;1518086447.5;81.0;33.0
437aab3f88a56f32a428df1fc6b2c140bebd28cdf7601a767854c5b41e8d52c5;1518086452.0;81.0;33.0
437aab3f88a56f32a428df1fc6b2c140bebd28cdf7601a767854c5b41e8d52c5;1518086455.0;81.0;33.0
437aab3f88a56f32a428df1fc6b2c140bebd28cdf7601a767854c5b41e8d52c5;1518086459.5;81.0;33.0
437aab3f88a56f32a428df1fc6b2c140bebd28cdf7601a767854c5b41e8d52c5;1518086464.0;87.0;33.0
437aab3f88a56f32a428df1fc6b2c140bebd28cdf7601a767854c5b41e8d52c5;1518086467.0;87.0;33.0
437aab3f88a56f32a428df1fc6b2c140bebd28cdf7601a767854c5b41e8d52c5;1518086471.5;87.0;33.0
437aab3f88a56f32a428df1fc6b2c140bebd28cdf7601a767854c5b41e8d52c5;1518086476.0;93.0;33.0
437aab3f88a56f32a428df1fc6b2c140bebd28cdf7601a767854c5b41e8d52c5;1518086479.0;93.0;27.0
437aab3f88a56f32a428df1fc6b2c140bebd28cdf7601a767854c5b41e8d52c5;1518086482.0;93.0;27.0
437aab3f88a56f32a428df1fc6b2c140bebd28cdf7601a767854c5b41e8d52c5;1518086483.5;93.0;27.0
437aab3f88a56f32a428df1fc6b2c140bebd28cdf7601a767854c5b41e8d52c5;1518086485.0;99.0;27.0
437aab3f88a56f32a428df1fc6b2c140bebd28cdf7601a767854c5b41e8d52c5;1518086488.0;99.0;27.0
437aab3f88a56f32a428df1fc6b2c140bebd28cdf7601a767854c5b41e8d52c5;1518086491.0;99.0;27.0
437aab3f88a56f32a428df1fc6b2c140bebd28cdf7601a767854c5b41e8d52c5;1518086492.5;99.0;27.0
437aab3f88a56f32a428df1fc6b2c140bebd28cdf7601a767854c5b41e8d52c5;1518086495.5;99.0;27.0
437aab3f88a56f32a428df1fc6b2c140bebd28cdf7601a767854c5b41e8d52c5;1518086497.0;99.0;27.0
437aab3f88a56f32a428df1fc6b2c140bebd28cdf7601a767854c5b41e8d52c5;1518086500.0;99.0;27.0
437aab3f88a56f32a428df1fc6b2c140bebd28cdf7601a767854c5b41e8d52c5;1518086504.5;99.0;27.0
437aab3f88a56f32a428df1fc6b2c140bebd28cdf7601a767854c5b41e8d52c5;1518086507.5;99.0;27.0
437aab3f88a56f32a428df1fc6b2c140bebd28cdf7601a767854c5b41e8d52c5;1518086509.0;99.0;27.0
437aab3f88a56f32a428df1fc6b2c140bebd28cdf7601a767854c5b41e8d52c5;1518086512.0;99.0;27.0
437aab3f88a56f32a428df1fc6b2c140bebd28cdf7601a767854c5b41e8d52c5;1518086513.5;99.0;27.0
437aab3f88a56f32a428df1fc6b2c140bebd28cdf7601a767854c5b41e8d52c5;1518086515.0;99.0;27.0
437aab3f88a56f32a428df1fc6b2c140bebd28cdf7601a767854c5b41e8d52c5;1518086516.5;99.0;27.0
437aab3f88a56f32a428df1fc6b2c140bebd28cdf7601a767854c5b41e8d52c5;1518086518.0;99.0;27.0
437aab3f88a56f32a428df1fc6b2c140bebd28cdf7601a767854c5b41e8d52c5;1518086521.0;99.0;27.0
437aab3f88a56f32a428df1fc6b2c140bebd28cdf7601a767854c5b41e8d52c5;1518086524.0;99.0;27.0
437aab3f88a56f32a428df1fc6b2c140bebd28cdf7601a767854c5b41e8d52c5;1518086525.5;99.0;27.0
437aab3f88a56f32a428df1fc6b2c140bebd28cdf7601a767854c5b41e8d52c5;1518086528.5;99.0;27.0
437aab3f88a56f32a428df1fc6b2c140bebd28cdf7601a767854c5b41e8d52c5;1518086530.0;99.0;27.0
437aab3f88a56f32a428df1fc6b2c140bebd28cdf7601a767854c5b41e8d52c5;1518086533.0;99.0;27.0
437aab3f88a56f32a428df1fc6b2c140bebd28cdf7601a767854c5b41e8d52c5;1518086536.0;99.0;27.0
437aab3f88a56f32a428df1fc6b2c140bebd28cdf7601a767854c5b41e8d52c5;1518086537.5;99.0;27.0
437aab3f88a56f32a428df1fc6b2c140bebd28cdf7601a767854c5b41e8d52c5;1518086540.5;99.0;27.0
437aab3f88a56f32a428df1fc6b2c140bebd28cdf7601a767854c5b41e8d52c5;1518086542.0;99.0;27.0
437aab3f88a56f32a428df1fc6b2c140bebd28cdf7601a767854c5b41e8d52c5;1518086545.0;99.0;27.0
437aab3f88a56f32a428df1fc6b2c140bebd28cdf7601a767854c5b41e8d52c5;1518086546.5;99.0;27.0
437aab3f88a56f32a428df1fc6b2c140bebd28cdf7601a767854c5b41e8d52c5;1518086549.5;99.0;27.0
437aab3f88a56f32a428df1fc6b2c140bebd28cdf7601a767854c5b41e8d52c5;1518086551.0;99.0;27.0
437aab3f88a56f32a428df1fc6b2c140bebd28cdf7601a767854c5b41e8d52c5;1518086552.5;99.0;27.0
437aab3f88a56f32a428df1fc6b2c140bebd28cdf7601a767854c5b41e8d52c5;1518086554.0;99.0;27.0
437aab3f88a56f32a428df1fc6b2c140bebd28cdf7601a767854c5b41e8d52c5;1518086557.0;99.0;27.0
437aab3f88a56f32a428df1fc6b2c140bebd28cdf7601a767854c5b41e8d52c5;1518086558.5;99.0;27.0
437aab3f88a56f32a428df1fc6b2c140bebd28cdf7601a767854c5b41e8d52c5;1518086563.0;99.0;27.0
437aab3f88a56f32a428df1fc6b2c140bebd28cdf7601a767854c5b41e8d52c5;1518086566.0;93.0;33.0
437aab3f88a56f32a428df1fc6b2c140bebd28cdf7601a767854c5b41e8d52c5;1518086570.5;93.0;33.0
437aab3f88a56f32a428df1fc6b2c140bebd28cdf7601a767854c5b41e8d52c5;1518086575.0;93.0;39.0
437aab3f88a56f32a428df1fc6b2c140bebd28cdf7601a767854c5b41e8d52c5;1518086578.0;87.0;39.0
437aab3f88a56f32a428df1fc6b2c140bebd28cdf7601a767854c5b41e8d52c5;1518086579.5;87.0;39.0
437aab3f88a56f32a428df1fc6b2c140bebd28cdf7601a767854c5b41e8d52c5;1518086587.0;87.0;39.0
437aab3f88a56f32a428df1fc6b2c140bebd28cdf7601a767854c5b41e8d52c5;1518086591.5;87.0;39.0
437aab3f88a56f32a428df1fc6b2c140bebd28cdf7601a767854c5b41e8d52c5;1518086596.0;87.0;39.0
437aab3f88a56f32a428df1fc6b2c140bebd28cdf7601a767854c5b41e8d52c5;1518086599.0;87.0;39.0
437aab3f88a56f32a428df1fc6b2c140bebd28cdf7601a767854c5b41e8d52c5;1518086603.5;87.0;39.0
437aab3f88a56f32a428df1fc6b2c140bebd28cdf7601a767854c5b41e8d52c5;1518086605.0;87.0;39.0
437aab3f88a56f32a428df1fc6b2c140bebd28cdf7601a767854c5b41e8d52c5;1518086608.0;87.0;39.0
437aab3f88a56f32a428df1fc6b2c140bebd28cdf7601a767854c5b41e8d52c5;1518086611.0;87.0;39.0
437aab3f88a56f32a428df1fc6b2c140bebd28cdf7601a767854c5b41e8d52c5;1518086612.5;87.0;39.0
437aab3f88a56f32a428df1fc6b2c140bebd28cdf7601a767854c5b41e8d52c5;1518086615.5;87.0;39.0
437aab3f88a56f32a428df1fc6b2c140bebd28cdf7601a767854c5b41e8d52c5;1518086617.0;87.0;39.0
437aab3f88a56f32a428df1fc6b2c140bebd28cdf7601a767854c5b41e8d52c5;1518086620.0;87.0;39.0
437aab3f88a56f32a428df1fc6b2c140bebd28cdf7601a767854c5b41e8d52c5;1518086623.0;87.0;39.0
437aab3f88a56f32a428df1fc6b2c140bebd28cdf7601a767854c5b41e8d52c5;1518086624.5;87.0;39.0
437aab3f88a56f32a428df1fc6b2c140bebd28cdf7601a767854c5b41e8d52c5;1518086629.0;87.0;39.0
437aab3f88a56f32a428df1fc6b2c140bebd28cdf7601a767854c5b41e8d52c5;1518086632.0;87.0;39.0
437aab3f88a56f32a428df1fc6b2c140bebd28cdf7601a767854c5b41e8d52c5;1518086635.0;87.0;39.0
437aab3f88a56f32a428df1fc6b2c140bebd28cdf7601a767854c5b41e8d52c5;1518086636.5;87.0;39.0
437aab3f88a56f32a428df1fc6b2c140bebd28cdf7601a767854c5b41e8d52c5;1518086641.0;87.0;39.0
437aab3f88a56f32a428df1fc6b2c140bebd28cdf7601a767854c5b41e8d52c5;1518086644.0;87.0;39.0
437aab3f88a56f32a428df1fc6b2c140bebd28cdf7601a767854c5b41e8d52c5;1518086650.0;87.0;39.0
437aab3f88a56f32a428df1fc6b2c140bebd28cdf7601a767854c5b41e8d52c5;1518086653.0;87.0;39.0
437aab3f88a56f32a428df1fc6b2c140bebd28cdf7601a767854c5b41e8d52c5;1518086657.5;87.0;39.0
437aab3f88a56f32a428df1fc6b2c140bebd28cdf7601a767854c5b41e8d52c5;1518086662.0;87.0;39.0
437aab3f88a56f32a428df1fc6b2c140bebd28cdf7601a767854c5b41e8d52c5;1518086665.0;87.0;39.0
437aab3f88a56f32a428df1fc6b2c140bebd28cdf7601a767854c5b41e8d52c5;1518086669.5;87.0;39.0
437aab3f88a56f32a428df1fc6b2c140bebd28cdf7601a767854c5b41e8d52c5;1518086672.5;87.0;39.0
437aab3f88a56f32a428df1fc6b2c140bebd28cdf7601a767854c5b41e8d52c5;1518086674.0;93.0;33.0
437aab3f88a56f32a428df1fc6b2c140bebd28cdf7601a767854c5b41e8d52c5;1518086677.0;93.0;33.0
437aab3f88a56f32a428df1fc6b2c140bebd28cdf7601a767854c5b41e8d52c5;1518086681.5;93.0;27.0
437aab3f88a56f32a428df1fc6b2c140bebd28cdf7601a767854c5b41e8d52c5;1518086684.5;93.0;27.0
437aab3f88a56f32a428df1fc6b2c140bebd28cdf7601a767854c5b41e8d52c5;1518086686.0;93.0;27.0
437aab3f88a56f32a428df1fc6b2c140bebd28cdf7601a767854c5b41e8d52c5;1518086689.0;99.0;27.0
437aab3f88a56f32a428df1fc6b2c140bebd28cdf7601a767854c5b41e8d52c5;1518086692.0;99.0;27.0
437aab3f88a56f32a428df1fc6b2c140bebd28cdf7601a767854c5b41e8d52c5;1518086693.5;99.0;27.0
437aab3f88a56f32a428df1fc6b2c140bebd28cdf7601a767854c5b41e8d52c5;1518086695.0;99.0;27.0
437aab3f88a56f32a428df1fc6b2c140bebd28cdf7601a767854c5b41e8d52c5;1518086696.5;99.0;27.0
437aab3f88a56f32a428df1fc6b2c140bebd28cdf7601a767854c5b41e8d52c5;1518086698.0;99.0;27.0
437aab3f88a56f32a428df1fc6b2c140bebd28cdf7601a767854c5b41e8d52c5;1518086701.0;99.0;21.0
437aab3f88a56f32a428df1fc6b2c140bebd28cdf7601a767854c5b41e8d52c5;1518086702.5;99.0;21.0
437aab3f88a56f32a428df1fc6b2c140bebd28cdf7601a767854c5b41e8d52c5;1518086705.5;99.0;21.0
437aab3f88a56f32a428df1fc6b2c140bebd28cdf7601a767854c5b41e8d52c5;1518086707.0;99.0;21.0
437aab3f88a56f32a428df1fc6b2c140bebd28cdf7601a767854c5b41e8d52c5;1518086710.0;99.0;21.0
437aab3f88a56f32a428df1fc6b2c140bebd28cdf7601a767854c5b41e8d52c5;1518086714.5;99.0;3.0
437aab3f88a56f32a428df1fc6b2c140bebd28cdf7601a767854c5b41e8d52c5;1518086716.0;99.0;-3.0
437aab3f88a56f32a428df1fc6b2c140bebd28cdf7601a767854c5b41e8d52c5;1518086717.5;99.0;-3.0
437aab3f88a56f32a428df1fc6b2c140bebd28cdf7601a767854c5b41e8d52c5;1518086719.0;99.0;-3.0
437aab3f88a56f32a428df1fc6b2c140bebd28cdf7601a767854c5b41e8d52c5;1518086722.0;99.0;-3.0
437aab3f88a56f32a428df1fc6b2c140bebd28cdf7601a767854c5b41e8d52c5;1518086723.5;99.0;-3.0
437aab3f88a56f32a428df1fc6b2c140bebd28cdf7601a767854c5b41e8d52c5;1518086726.5;99.0;-3.0
437aab3f88a56f32a428df1fc6b2c140bebd28cdf7601a767854c5b41e8d52c5;1518086728.0;99.0;-3.0
437aab3f88a56f32a428df1fc6b2c140bebd28cdf7601a767854c5b41e8d52c5;1518086731.0;99.0;-15.0
437aab3f88a56f32a428df1fc6b2c140bebd28cdf7601a767854c5b41e8d52c5;1518086734.0;99.0;-15.0
437aab3f88a56f32a428df1fc6b2c140bebd28cdf7601a767854c5b41e8d52c5;1518086735.5;99.0;-15.0
437aab3f88a56f32a428df1fc6b2c140bebd28cdf7601a767854c5b41e8d52c5;1518086740.0;99.0;-15.0
437aab3f88a56f32a428df1fc6b2c140bebd28cdf7601a767854c5b41e8d52c5;1518086743.0;99.0;-15.0
437aab3f88a56f32a428df1fc6b2c140bebd28cdf7601a767854c5b41e8d52c5;1518086746.0;99.0;-15.0
437aab3f88a56f32a428df1fc6b2c140bebd28cdf7601a767854c5b41e8d52c5;1518086747.5;99.0;-15.0
437aab3f88a56f32a428df1fc6b2c140bebd28cdf7601a767854c5b41e8d52c5;1518086750.5;99.0;-15.0
437aab3f88a56f32a428df1fc6b2c140bebd28cdf7601a767854c5b41e8d52c5;1518086752.0;99.0;-21.0
437aab3f88a56f32a428df1fc6b2c140bebd28cdf7601a767854c5b41e8d52c5;1518086755.0;99.0;-21.0
437aab3f88a56f32a428df1fc6b2c140bebd28cdf7601a767854c5b41e8d52c5;1518086759.5;99.0;-27.0
437aab3f88a56f32a428df1fc6b2c140bebd28cdf7601a767854c5b41e8d52c5;1518086761.0;99.0;-27.0
437aab3f88a56f32a428df1fc6b2c140bebd28cdf7601a767854c5b41e8d52c5;1518086762.5;99.0;-27.0
437aab3f88a56f32a428df1fc6b2c140bebd28cdf7601a767854c5b41e8d52c5;1518086764.0;93.0;-27.0
437aab3f88a56f32a428df1fc6b2c140bebd28cdf7601a767854c5b41e8d52c5;1518086767.0;93.0;-39.0
437aab3f88a56f32a428df1fc6b2c140bebd28cdf7601a767854c5b41e8d52c5;1518086768.5;93.0;-39.0
437aab3f88a56f32a428df1fc6b2c140bebd28cdf7601a767854c5b41e8d52c5;1518086770.0;93.0;-39.0
437aab3f88a56f32a428df1fc6b2c140bebd28cdf7601a767854c5b41e8d52c5;1518086771.5;93.0;-39.0
437aab3f88a56f32a428df1fc6b2c140bebd28cdf7601a767854c5b41e8d52c5;1518086773.0;93.0;-39.0
437aab3f88a56f32a428df1fc6b2c140bebd28cdf7601a767854c5b41e8d52c5;1518086776.0;93.0;-39.0
437aab3f88a56f32a428df1fc6b2c140bebd28cdf7601a767854c5b41e8d52c5;1518086780.5;93.0;-39.0
437aab3f88a56f32a428df1fc6b2c140bebd28cdf7601a767854c5b41e8d52c5;1518086783.5;93.0;-39.0
437aab3f88a56f32a428df1fc6b2c140bebd28cdf7601a767854c5b41e8d52c5;1518086785.0;93.0;-39.0
437aab3f88a56f32a428df1fc6b2c140bebd28cdf7601a767854c5b41e8d52c5;1518086788.0;93.0;-39.0
437aab3f88a56f32a428df1fc6b2c140bebd28cdf7601a767854c5b41e8d52c5;1518086789.5;93.0;-39.0
437aab3f88a56f32a428df1fc6b2c140bebd28cdf7601a767854c5b41e8d52c5;1518086792.5;93.0;-39.0
437aab3f88a56f32a428df1fc6b2c140bebd28cdf7601a767854c5b41e8d52c5;1518086794.0;93.0;-39.0
437aab3f88a56f32a428df1fc6b2c140bebd28cdf7601a767854c5b41e8d52c5;1518086797.0;87.0;-39.0
437aab3f88a56f32a428df1fc6b2c140bebd28cdf7601a767854c5b41e8d52c5;1518086800.0;87.0;-45.0
437aab3f88a56f32a428df1fc6b2c140bebd28cdf7601a767854c5b41e8d52c5;1518086804.5;87.0;-45.0
437aab3f88a56f32a428df1fc6b2c140bebd28cdf7601a767854c5b41e8d52c5;1518086806.0;87.0;-45.0
437aab3f88a56f32a428df1fc6b2c140bebd28cdf7601a767854c5b41e8d52c5;1518086809.0;81.0;-45.0
437aab3f88a56f32a428df1fc6b2c140bebd28cdf7601a767854c5b41e8d52c5;1518086813.5;81.0;-45.0
437aab3f88a56f32a428df1fc6b2c140bebd28cdf7601a767854c5b41e8d52c5;1518086821.0;81.0;-45.0
437aab3f88a56f32a428df1fc6b2c140bebd28cdf7601a767854c5b41e8d52c5;1518086824.0;81.0;-45.0
437aab3f88a56f32a428df1fc6b2c140bebd28cdf7601a767854c5b41e8d52c5;1518086825.5;81.0;-45.0
437aab3f88a56f32a428df1fc6b2c140bebd28cdf7601a767854c5b41e8d52c5;1518086828.5;81.0;-45.0
437aab3f88a56f32a428df1fc6b2c140bebd28cdf7601a767854c5b41e8d52c5;1518086830.0;81.0;-45.0
437aab3f88a56f32a428df1fc6b2c140bebd28cdf7601a767854c5b41e8d52c5;1518086833.0;81.0;-45.0
437aab3f88a56f32a428df1fc6b2c140bebd28cdf7601a767854c5b41e8d52c5;1518086836.0;81.0;-45.0
437aab3f88a56f32a428df1fc6b2c140bebd28cdf7601a767854c5b41e8d52c5;1518086837.5;81.0;-45.0
437aab3f88a56f32a428df1fc6b2c140bebd28cdf7601a767854c5b41e8d52c5;1518086842.0;81.0;-45.0
437aab3f88a56f32a428df1fc6b2c140bebd28cdf7601a767854c5b41e8d52c5;1518086845.0;81.0;-45.0
437aab3f88a56f32a428df1fc6b2c140bebd28cdf7601a767854c5b41e8d52c5;1518086846.5;81.0;-45.0
437aab3f88a56f32a428df1fc6b2c140bebd28cdf7601a767854c5b41e8d52c5;1518086848.0;81.0;-45.0
437aab3f88a56f32a428df1fc6b2c140bebd28cdf7601a767854c5b41e8d52c5;1518086849.5;81.0;-45.0
437aab3f88a56f32a428df1fc6b2c140bebd28cdf7601a767854c5b41e8d52c5;1518086851.0;81.0;-45.0
437aab3f88a56f32a428df1fc6b2c140bebd28cdf7601a767854c5b41e8d52c5;1518086852.5;81.0;-45.0
437aab3f88a56f32a428df1fc6b2c140bebd28cdf7601a767854c5b41e8d52c5;1518086854.0;81.0;-45.0
437aab3f88a56f32a428df1fc6b2c140bebd28cdf7601a767854c5b41e8d52c5;1518086857.0;81.0;-45.0
437aab3f88a56f32a428df1fc6b2c140bebd28cdf7601a767854c5b41e8d52c5;1518086858.5;81.0;-45.0
437aab3f88a56f32a428df1fc6b2c140bebd28cdf7601a767854c5b41e8d52c5;1518086861.5;81.0;-45.0
437aab3f88a56f32a428df1fc6b2c140bebd28cdf7601a767854c5b41e8d52c5;1518086863.0;81.0;-45.0
437aab3f88a56f32a428df1fc6b2c140bebd28cdf7601a767854c5b41e8d52c5;1518086866.0;81.0;-45.0
437aab3f88a56f32a428df1fc6b2c140bebd28cdf7601a767854c5b41e8d52c5;1518086869.0;81.0;-45.0
437aab3f88a56f32a428df1fc6b2c140bebd28cdf7601a767854c5b41e8d52c5;1518086870.5;81.0;-45.0
437aab3f88a56f32a428df1fc6b2c140bebd28cdf7601a767854c5b41e8d52c5;1518086873.5;81.0;-45.0
437aab3f88a56f32a428df1fc6b2c140bebd28cdf7601a767854c5b41e8d52c5;1518086875.0;81.0;-45.0
437aab3f88a56f32a428df1fc6b2c140bebd28cdf7601a767854c5b41e8d52c5;1518086878.0;81.0;-45.0
437aab3f88a56f32a428df1fc6b2c140bebd28cdf7601a767854c5b41e8d52c5;1518086881.0;81.0;-45.0
437aab3f88a56f32a428df1fc6b2c140bebd28cdf7601a767854c5b41e8d52c5;1518086882.5;81.0;-45.0
437aab3f88a56f32a428df1fc6b2c140bebd28cdf7601a767854c5b41e8d52c5;1518086885.5;81.0;-45.0
437aab3f88a56f32a428df1fc6b2c140bebd28cdf7601a767854c5b41e8d52c5;1518086887.0;81.0;-45.0
437aab3f88a56f32a428df1fc6b2c140bebd28cdf7601a767854c5b41e8d52c5;1518086890.0;81.0;-45.0
437aab3f88a56f32a428df1fc6b2c140bebd28cdf7601a767854c5b41e8d52c5;1518086893.0;81.0;-45.0
437aab3f88a56f32a428df1fc6b2c140bebd28cdf7601a767854c5b41e8d52c5;1518086894.5;81.0;-45.0
437aab3f88a56f32a428df1fc6b2c140bebd28cdf7601a767854c5b41e8d52c5;1518086897.5;81.0;-45.0
437aab3f88a56f32a428df1fc6b2c140bebd28cdf7601a767854c5b41e8d52c5;1518086899.0;81.0;-45.0
437aab3f88a56f32a428df1fc6b2c140bebd28cdf7601a767854c5b41e8d52c5;1518086902.0;81.0;-45.0
437aab3f88a56f32a428df1fc6b2c140bebd28cdf7601a767854c5b41e8d52c5;1518086905.0;81.0;-45.0
437aab3f88a56f32a428df1fc6b2c140bebd28cdf7601a767854c5b41e8d52c5;1518086906.5;81.0;-45.0
437aab3f88a56f32a428df1fc6b2c140bebd28cdf7601a767854c5b41e8d52c5;1518086908.0;81.0;-45.0
437aab3f88a56f32a428df1fc6b2c140bebd28cdf7601a767854c5b41e8d52c5;1518086909.5;81.0;-45.0
437aab3f88a56f32a428df1fc6b2c140bebd28cdf7601a767854c5b41e8d52c5;1518086911.0;81.0;-45.0
437aab3f88a56f32a428df1fc6b2c140bebd28cdf7601a767854c5b41e8d52c5;1518086914.0;81.0;-45.0
437aab3f88a56f32a428df1fc6b2c140bebd28cdf7601a767854c5b41e8d52c5;1518086915.5;81.0;-45.0
437aab3f88a56f32a428df1fc6b2c140bebd28cdf7601a767854c5b41e8d52c5;1518086918.5;81.0;-45.0
437aab3f88a56f32a428df1fc6b2c140bebd28cdf7601a767854c5b41e8d52c5;1518086920.0;81.0;-45.0
437aab3f88a56f32a428df1fc6b2c140bebd28cdf7601a767854c5b41e8d52c5;1518086923.0;81.0;-45.0
437aab3f88a56f32a428df1fc6b2c140bebd28cdf7601a767854c5b41e8d52c5;1518086926.0;81.0;-45.0
437aab3f88a56f32a428df1fc6b2c140bebd28cdf7601a767854c5b41e8d52c5;1518086927.5;81.0;-45.0
437aab3f88a56f32a428df1fc6b2c140bebd28cdf7601a767854c5b41e8d52c5;1518086929.0;81.0;-45.0
437aab3f88a56f32a428df1fc6b2c140bebd28cdf7601a767854c5b41e8d52c5;1518086930.5;81.0;-45.0
437aab3f88a56f32a428df1fc6b2c140bebd28cdf7601a767854c5b41e8d52c5;1518086932.0;81.0;-45.0
437aab3f88a56f32a428df1fc6b2c140bebd28cdf7601a767854c5b41e8d52c5;1518086935.0;81.0;-45.0
437aab3f88a56f32a428df1fc6b2c140bebd28cdf7601a767854c5b41e8d52c5;1518086938.0;81.0;-45.0
437aab3f88a56f32a428df1fc6b2c140bebd28cdf7601a767854c5b41e8d52c5;1518086939.5;81.0;-45.0
437aab3f88a56f32a428df1fc6b2c140bebd28cdf7601a767854c5b41e8d52c5;1518086942.5;81.0;-45.0
437aab3f88a56f32a428df1fc6b2c140bebd28cdf7601a767854c5b41e8d52c5;1518086944.0;81.0;-45.0
437aab3f88a56f32a428df1fc6b2c140bebd28cdf7601a767854c5b41e8d52c5;1518086947.0;81.0;-45.0
437aab3f88a56f32a428df1fc6b2c140bebd28cdf7601a767854c5b41e8d52c5;1518086950.0;81.0;-45.0
437aab3f88a56f32a428df1fc6b2c140bebd28cdf7601a767854c5b41e8d52c5;1518086951.5;81.0;-45.0
437aab3f88a56f32a428df1fc6b2c140bebd28cdf7601a767854c5b41e8d52c5;1518086954.5;81.0;-45.0
437aab3f88a56f32a428df1fc6b2c140bebd28cdf7601a767854c5b41e8d52c5;1518086956.0;81.0;-45.0
437aab3f88a56f32a428df1fc6b2c140bebd28cdf7601a767854c5b41e8d52c5;1518086959.0;81.0;-45.0
437aab3f88a56f32a428df1fc6b2c140bebd28cdf7601a767854c5b41e8d52c5;1518086962.0;81.0;-45.0
437aab3f88a56f32a428df1fc6b2c140bebd28cdf7601a767854c5b41e8d52c5;1518086963.5;81.0;-45.0
437aab3f88a56f32a428df1fc6b2c140bebd28cdf7601a767854c5b41e8d52c5;1518086965.0;81.0;-45.0
437aab3f88a56f32a428df1fc6b2c140bebd28cdf7601a767854c5b41e8d52c5;1518086968.0;81.0;-45.0
437aab3f88a56f32a428df1fc6b2c140bebd28cdf7601a767854c5b41e8d52c5;1518086971.0;81.0;-45.0
437aab3f88a56f32a428df1fc6b2c140bebd28cdf7601a767854c5b41e8d52c5;1518086972.5;81.0;-45.0
437aab3f88a56f32a428df1fc6b2c140bebd28cdf7601a767854c5b41e8d52c5;1518086974.0;81.0;-45.0
437aab3f88a56f32a428df1fc6b2c140bebd28cdf7601a767854c5b41e8d52c5;1518086975.5;81.0;-45.0
437aab3f88a56f32a428df1fc6b2c140bebd28cdf7601a767854c5b41e8d52c5;1518086977.0;81.0;-45.0
437aab3f88a56f32a428df1fc6b2c140bebd28cdf7601a767854c5b41e8d52c5;1518086980.0;81.0;-45.0
437aab3f88a56f32a428df1fc6b2c140bebd28cdf7601a767854c5b41e8d52c5;1518086983.0;81.0;-45.0
437aab3f88a56f32a428df1fc6b2c140bebd28cdf7601a767854c5b41e8d52c5;1518086984.5;81.0;-51.0
437aab3f88a56f32a428df1fc6b2c140bebd28cdf7601a767854c5b41e8d52c5;1518086987.5;81.0;-51.0
437aab3f88a56f32a428df1fc6b2c140bebd28cdf7601a767854c5b41e8d52c5;1518086989.0;81.0;-51.0
437aab3f88a56f32a428df1fc6b2c140bebd28cdf7601a767854c5b41e8d52c5;1518086992.0;81.0;-51.0
437aab3f88a56f32a428df1fc6b2c140bebd28cdf7601a767854c5b41e8d52c5;1518086995.0;81.0;-51.0
437aab3f88a56f32a428df1fc6b2c140bebd28cdf7601a767854c5b41e8d52c5;1518086996.5;81.0;-51.0
437aab3f88a56f32a428df1fc6b2c140bebd28cdf7601a767854c5b41e8d52c5;1518086999.5;81.0;-51.0
437aab3f88a56f32a428df1fc6b2c140bebd28cdf7601a767854c5b41e8d52c5;1518087001.0;81.0;-51.0
437aab3f88a56f32a428df1fc6b2c140bebd28cdf7601a767854c5b41e8d52c5;1518087004.0;81.0;-51.0
437aab3f88a56f32a428df1fc6b2c140bebd28cdf7601a767854c5b41e8d52c5;1518087007.0;81.0;-51.0
437aab3f88a56f32a428df1fc6b2c140bebd28cdf7601a767854c5b41e8d52c5;1518087008.5;81.0;-51.0
437aab3f88a56f32a428df1fc6b2c140bebd28cdf7601a767854c5b41e8d52c5;1518087011.5;75.0;-51.0
437aab3f88a56f32a428df1fc6b2c140bebd28cdf7601a767854c5b41e8d52c5;1518087013.0;75.0;-51.0
437aab3f88a56f32a428df1fc6b2c140bebd28cdf7601a767854c5b41e8d52c5;1518087016.0;75.0;-57.0
437aab3f88a56f32a428df1fc6b2c140bebd28cdf7601a767854c5b41e8d52c5;1518087019.0;75.0;-57.0
437aab3f88a56f32a428df1fc6b2c140bebd28cdf7601a767854c5b41e8d52c5;1518087020.5;75.0;-57.0
437aab3f88a56f32a428df1fc6b2c140bebd28cdf7601a767854c5b41e8d52c5;1518087023.5;75.0;-57.0
437aab3f88a56f32a428df1fc6b2c140bebd28cdf7601a767854c5b41e8d52c5;1518087025.0;75.0;-57.0
437aab3f88a56f32a428df1fc6b2c140bebd28cdf7601a767854c5b41e8d52c5;1518087028.0;69.0;-57.0
437aab3f88a56f32a428df1fc6b2c140bebd28cdf7601a767854c5b41e8d52c5;1518087032.5;69.0;-63.0
437aab3f88a56f32a428df1fc6b2c140bebd28cdf7601a767854c5b41e8d52c5;1518087035.5;69.0;-63.0
437aab3f88a56f32a428df1fc6b2c140bebd28cdf7601a767854c5b41e8d52c5;1518087037.0;69.0;-63.0
437aab3f88a56f32a428df1fc6b2c140bebd28cdf7601a767854c5b41e8d52c5;1518087040.0;69.0;-63.0
437aab3f88a56f32a428df1fc6b2c140bebd28cdf7601a767854c5b41e8d52c5;1518087041.5;69.0;-63.0
437aab3f88a56f32a428df1fc6b2c140bebd28cdf7601a767854c5b41e8d52c5;1518087044.5;69.0;-63.0
437aab3f88a56f32a428df1fc6b2c140bebd28cdf7601a767854c5b41e8d52c5;1518087046.0;69.0;-63.0
437aab3f88a56f32a428df1fc6b2c140bebd28cdf7601a767854c5b41e8d52c5;1518087049.0;69.0;-63.0
437aab3f88a56f32a428df1fc6b2c140bebd28cdf7601a767854c5b41e8d52c5;1518087053.5;63.0;-63.0
437aab3f88a56f32a428df1fc6b2c140bebd28cdf7601a767854c5b41e8d52c5;1518087056.5;57.0;-69.0
437aab3f88a56f32a428df1fc6b2c140bebd28cdf7601a767854c5b41e8d52c5;1518087058.0;57.0;-69.0
437aab3f88a56f32a428df1fc6b2c140bebd28cdf7601a767854c5b41e8d52c5;1518087061.0;57.0;-69.0
437aab3f88a56f32a428df1fc6b2c140bebd28cdf7601a767854c5b41e8d52c5;1518087064.0;57.0;-69.0
437aab3f88a56f32a428df1fc6b2c140bebd28cdf7601a767854c5b41e8d52c5;1518087065.5;57.0;-69.0
437aab3f88a56f32a428df1fc6b2c140bebd28cdf7601a767854c5b41e8d52c5;1518087068.5;57.0;-69.0
437aab3f88a56f32a428df1fc6b2c140bebd28cdf7601a767854c5b41e8d52c5;1518087070.0;51.0;-69.0
437aab3f88a56f32a428df1fc6b2c140bebd28cdf7601a767854c5b41e8d52c5;1518087073.0;51.0;-69.0
437aab3f88a56f32a428df1fc6b2c140bebd28cdf7601a767854c5b41e8d52c5;1518087076.0;51.0;-69.0
437aab3f88a56f32a428df1fc6b2c140bebd28cdf7601a767854c5b41e8d52c5;1518087077.5;39.0;-69.0
437aab3f88a56f32a428df1fc6b2c140bebd28cdf7601a767854c5b41e8d52c5;1518087080.5;39.0;-69.0
437aab3f88a56f32a428df1fc6b2c140bebd28cdf7601a767854c5b41e8d52c5;1518087082.0;39.0;-69.0
437aab3f88a56f32a428df1fc6b2c140bebd28cdf7601a767854c5b41e8d52c5;1518087085.0;39.0;-69.0
437aab3f88a56f32a428df1fc6b2c140bebd28cdf7601a767854c5b41e8d52c5;1518087088.0;39.0;-69.0
437aab3f88a56f32a428df1fc6b2c140bebd28cdf7601a767854c5b41e8d52c5;1518087089.5;39.0;-69.0
437aab3f88a56f32a428df1fc6b2c140bebd28cdf7601a767854c5b41e8d52c5;1518087094.0;39.0;-69.0
437aab3f88a56f32a428df1fc6b2c140bebd28cdf7601a767854c5b41e8d52c5;1518087097.0;39.0;-69.0
437aab3f88a56f32a428df1fc6b2c140bebd28cdf7601a767854c5b41e8d52c5;1518087101.5;27.0;-69.0
437aab3f88a56f32a428df1fc6b2c140bebd28cdf7601a767854c5b41e8d52c5;1518087103.0;27.0;-69.0
437aab3f88a56f32a428df1fc6b2c140bebd28cdf7601a767854c5b41e8d52c5;1518087106.0;27.0;-69.0
437aab3f88a56f32a428df1fc6b2c140bebd28cdf7601a767854c5b41e8d52c5;1518087109.0;9.0;-69.0
437aab3f88a56f32a428df1fc6b2c140bebd28cdf7601a767854c5b41e8d52c5;1518087113.5;9.0;-69.0
437aab3f88a56f32a428df1fc6b2c140bebd28cdf7601a767854c5b41e8d52c5;1518087115.0;9.0;-69.0
437aab3f88a56f32a428df1fc6b2c140bebd28cdf7601a767854c5b41e8d52c5;1518087118.0;9.0;-69.0
437aab3f88a56f32a428df1fc6b2c140bebd28cdf7601a767854c5b41e8d52c5;1518087121.0;9.0;-69.0
437aab3f88a56f32a428df1fc6b2c140bebd28cdf7601a767854c5b41e8d52c5;1518087122.5;9.0;-69.0
437aab3f88a56f32a428df1fc6b2c140bebd28cdf7601a767854c5b41e8d52c5;1518087125.5;9.0;-69.0
437aab3f88a56f32a428df1fc6b2c140bebd28cdf7601a767854c5b41e8d52c5;1518087127.0;-3.0;-69.0
437aab3f88a56f32a428df1fc6b2c140bebd28cdf7601a767854c5b41e8d52c5;1518087130.0;-15.0;-69.0
437aab3f88a56f32a428df1fc6b2c140bebd28cdf7601a767854c5b41e8d52c5;1518087133.0;-15.0;-69.0
437aab3f88a56f32a428df1fc6b2c140bebd28cdf7601a767854c5b41e8d52c5;1518087134.5;-27.0;-69.0
437aab3f88a56f32a428df1fc6b2c140bebd28cdf7601a767854c5b41e8d52c5;1518087137.5;-27.0;-69.0
437aab3f88a56f32a428df1fc6b2c140bebd28cdf7601a767854c5b41e8d52c5;1518087139.0;-27.0;-69.0
437aab3f88a56f32a428df1fc6b2c140bebd28cdf7601a767854c5b41e8d52c5;1518087142.0;-27.0;-69.0
437aab3f88a56f32a428df1fc6b2c140bebd28cdf7601a767854c5b41e8d52c5;1518087145.0;-39.0;-69.0
437aab3f88a56f32a428df1fc6b2c140bebd28cdf7601a767854c5b41e8d52c5;1518087146.5;-39.0;-69.0
437aab3f88a56f32a428df1fc6b2c140bebd28cdf7601a767854c5b41e8d52c5;1518087149.5;-51.0;-69.0
437aab3f88a56f32a428df1fc6b2c140bebd28cdf7601a767854c5b41e8d52c5;1518087151.0;-51.0;-69.0
437aab3f88a56f32a428df1fc6b2c140bebd28cdf7601a767854c5b41e8d52c5;1518087154.0;-51.0;-69.0
437aab3f88a56f32a428df1fc6b2c140bebd28cdf7601a767854c5b41e8d52c5;1518087158.5;-51.0;-69.0
437aab3f88a56f32a428df1fc6b2c140bebd28cdf7601a767854c5b41e8d52c5;1518087160.0;-51.0;-69.0
437aab3f88a56f32a428df1fc6b2c140bebd28cdf7601a767854c5b41e8d52c5;1518087161.5;-51.0;-69.0
437aab3f88a56f32a428df1fc6b2c140bebd28cdf7601a767854c5b41e8d52c5;1518087163.0;-57.0;-69.0
437aab3f88a56f32a428df1fc6b2c140bebd28cdf7601a767854c5b41e8d52c5;1518087166.0;-63.0;-69.0
437aab3f88a56f32a428df1fc6b2c140bebd28cdf7601a767854c5b41e8d52c5;1518087167.5;-63.0;-69.0
437aab3f88a56f32a428df1fc6b2c140bebd28cdf7601a767854c5b41e8d52c5;1518087170.5;-63.0;-69.0
437aab3f88a56f32a428df1fc6b2c140bebd28cdf7601a767854c5b41e8d52c5;1518087172.0;-63.0;-69.0
437aab3f88a56f32a428df1fc6b2c140bebd28cdf7601a767854c5b41e8d52c5;1518087175.0;-63.0;-69.0
437aab3f88a56f32a428df1fc6b2c140bebd28cdf7601a767854c5b41e8d52c5;1518087178.0;-63.0;-69.0
437aab3f88a56f32a428df1fc6b2c140bebd28cdf7601a767854c5b41e8d52c5;1518087179.5;-63.0;-69.0
437aab3f88a56f32a428df1fc6b2c140bebd28cdf7601a767854c5b41e8d52c5;1518087182.5;-63.0;-69.0
437aab3f88a56f32a428df1fc6b2c140bebd28cdf7601a767854c5b41e8d52c5;1518087184.0;-63.0;-69.0
437aab3f88a56f32a428df1fc6b2c140bebd28cdf7601a767854c5b41e8d52c5;1518087187.0;-63.0;-69.0
437aab3f88a56f32a428df1fc6b2c140bebd28cdf7601a767854c5b41e8d52c5;1518087190.0;-63.0;-63.0
437aab3f88a56f32a428df1fc6b2c140bebd28cdf7601a767854c5b41e8d52c5;1518087191.5;-69.0;-63.0
437aab3f88a56f32a428df1fc6b2c140bebd28cdf7601a767854c5b41e8d52c5;1518087194.5;-69.0;-63.0
437aab3f88a56f32a428df1fc6b2c140bebd28cdf7601a767854c5b41e8d52c5;1518087196.0;-69.0;-63.0
437aab3f88a56f32a428df1fc6b2c140bebd28cdf7601a767854c5b41e8d52c5;1518087199.0;-69.0;-63.0
437aab3f88a56f32a428df1fc6b2c140bebd28cdf7601a767854c5b41e8d52c5;1518087202.0;-69.0;-63.0
437aab3f88a56f32a428df1fc6b2c140bebd28cdf7601a767854c5b41e8d52c5;1518087203.5;-69.0;-63.0
437aab3f88a56f32a428df1fc6b2c140bebd28cdf7601a767854c5b41e8d52c5;1518087208.0;-69.0;-63.0
437aab3f88a56f32a428df1fc6b2c140bebd28cdf7601a767854c5b41e8d52c5;1518087211.0;-69.0;-63.0
437aab3f88a56f32a428df1fc6b2c140bebd28cdf7601a767854c5b41e8d52c5;1518087212.5;-69.0;-63.0
437aab3f88a56f32a428df1fc6b2c140bebd28cdf7601a767854c5b41e8d52c5;1518087215.5;-69.0;-63.0
437aab3f88a56f32a428df1fc6b2c140bebd28cdf7601a767854c5b41e8d52c5;1518087217.0;-69.0;-63.0
437aab3f88a56f32a428df1fc6b2c140bebd28cdf7601a767854c5b41e8d52c5;1518087220.0;-69.0;-63.0
437aab3f88a56f32a428df1fc6b2c140bebd28cdf7601a767854c5b41e8d52c5;1518087223.0;-69.0;-63.0
437aab3f88a56f32a428df1fc6b2c140bebd28cdf7601a767854c5b41e8d52c5;1518087224.5;-69.0;-63.0
437aab3f88a56f32a428df1fc6b2c140bebd28cdf7601a767854c5b41e8d52c5;1518087227.5;-69.0;-63.0
437aab3f88a56f32a428df1fc6b2c140bebd28cdf7601a767854c5b41e8d52c5;1518087229.0;-75.0;-63.0
437aab3f88a56f32a428df1fc6b2c140bebd28cdf7601a767854c5b41e8d52c5;1518087232.0;-75.0;-63.0
437aab3f88a56f32a428df1fc6b2c140bebd28cdf7601a767854c5b41e8d52c5;1518087235.0;-75.0;-63.0
437aab3f88a56f32a428df1fc6b2c140bebd28cdf7601a767854c5b41e8d52c5;1518087236.5;-75.0;-57.0
437aab3f88a56f32a428df1fc6b2c140bebd28cdf7601a767854c5b41e8d52c5;1518087239.5;-75.0;-57.0
437aab3f88a56f32a428df1fc6b2c140bebd28cdf7601a767854c5b41e8d52c5;1518087241.0;-75.0;-57.0
437aab3f88a56f32a428df1fc6b2c140bebd28cdf7601a767854c5b41e8d52c5;1518087244.0;-75.0;-57.0
437aab3f88a56f32a428df1fc6b2c140bebd28cdf7601a767854c5b41e8d52c5;1518087247.0;-75.0;-57.0
437aab3f88a56f32a428df1fc6b2c140bebd28cdf7601a767854c5b41e8d52c5;1518087248.5;-75.0;-57.0
437aab3f88a56f32a428df1fc6b2c140bebd28cdf7601a767854c5b41e8d52c5;1518087251.5;-75.0;-57.0
437aab3f88a56f32a428df1fc6b2c140bebd28cdf7601a767854c5b41e8d52c5;1518087253.0;-75.0;-57.0
437aab3f88a56f32a428df1fc6b2c140bebd28cdf7601a767854c5b41e8d52c5;1518087256.0;-75.0;-57.0
437aab3f88a56f32a428df1fc6b2c140bebd28cdf7601a767854c5b41e8d52c5;1518087259.0;-75.0;-57.0
437aab3f88a56f32a428df1fc6b2c140bebd28cdf7601a767854c5b41e8d52c5;1518087260.5;-75.0;-57.0
437aab3f88a56f32a428df1fc6b2c140bebd28cdf7601a767854c5b41e8d52c5;1518087262.0;-75.0;-57.0
437aab3f88a56f32a428df1fc6b2c140bebd28cdf7601a767854c5b41e8d52c5;1518087263.5;-75.0;-57.0
437aab3f88a56f32a428df1fc6b2c140bebd28cdf7601a767854c5b41e8d52c5;1518087265.0;-75.0;-57.0
437aab3f88a56f32a428df1fc6b2c140bebd28cdf7601a767854c5b41e8d52c5;1518087268.0;-75.0;-57.0
437aab3f88a56f32a428df1fc6b2c140bebd28cdf7601a767854c5b41e8d52c5;1518087269.5;-75.0;-57.0
437aab3f88a56f32a428df1fc6b2c140bebd28cdf7601a767854c5b41e8d52c5;1518087272.5;-75.0;-57.0
437aab3f88a56f32a428df1fc6b2c140bebd28cdf7601a767854c5b41e8d52c5;1518087274.0;-75.0;-57.0
437aab3f88a56f32a428df1fc6b2c140bebd28cdf7601a767854c5b41e8d52c5;1518087277.0;-75.0;-51.0
437aab3f88a56f32a428df1fc6b2c140bebd28cdf7601a767854c5b41e8d52c5;1518087280.0;-75.0;-51.0
437aab3f88a56f32a428df1fc6b2c140bebd28cdf7601a767854c5b41e8d52c5;1518087281.5;-75.0;-51.0
437aab3f88a56f32a428df1fc6b2c140bebd28cdf7601a767854c5b41e8d52c5;1518087284.5;-75.0;-51.0
437aab3f88a56f32a428df1fc6b2c140bebd28cdf7601a767854c5b41e8d52c5;1518087286.0;-75.0;-51.0
437aab3f88a56f32a428df1fc6b2c140bebd28cdf7601a767854c5b41e8d52c5;1518087289.0;-75.0;-51.0
437aab3f88a56f32a428df1fc6b2c140bebd28cdf7601a767854c5b41e8d52c5;1518087292.0;-75.0;-51.0
437aab3f88a56f32a428df1fc6b2c140bebd28cdf7601a767854c5b41e8d52c5;1518087293.5;-75.0;-51.0
437aab3f88a56f32a428df1fc6b2c140bebd28cdf7601a767854c5b41e8d52c5;1518087298.0;-81.0;-51.0
437aab3f88a56f32a428df1fc6b2c140bebd28cdf7601a767854c5b41e8d52c5;1518087301.0;-81.0;-51.0
437aab3f88a56f32a428df1fc6b2c140bebd28cdf7601a767854c5b41e8d52c5;1518087304.0;-81.0;-51.0
437aab3f88a56f32a428df1fc6b2c140bebd28cdf7601a767854c5b41e8d52c5;1518087305.5;-81.0;-51.0
437aab3f88a56f32a428df1fc6b2c140bebd28cdf7601a767854c5b41e8d52c5;1518087308.5;-81.0;-51.0
437aab3f88a56f32a428df1fc6b2c140bebd28cdf7601a767854c5b41e8d52c5;1518087310.0;-81.0;-51.0
437aab3f88a56f32a428df1fc6b2c140bebd28cdf7601a767854c5b41e8d52c5;1518087313.0;-81.0;-51.0
437aab3f88a56f32a428df1fc6b2c140bebd28cdf7601a767854c5b41e8d52c5;1518087316.0;-81.0;-51.0
437aab3f88a56f32a428df1fc6b2c140bebd28cdf7601a767854c5b41e8d52c5;1518087317.5;-81.0;-51.0
437aab3f88a56f32a428df1fc6b2c140bebd28cdf7601a767854c5b41e8d52c5;1518087322.0;-81.0;-51.0
437aab3f88a56f32a428df1fc6b2c140bebd28cdf7601a767854c5b41e8d52c5;1518087325.0;-81.0;-45.0
437aab3f88a56f32a428df1fc6b2c140bebd28cdf7601a767854c5b41e8d52c5;1518087329.5;-81.0;-39.0
437aab3f88a56f32a428df1fc6b2c140bebd28cdf7601a767854c5b41e8d52c5;1518087332.5;-87.0;-39.0
437aab3f88a56f32a428df1fc6b2c140bebd28cdf7601a767854c5b41e8d52c5;1518087334.0;-87.0;-39.0
437aab3f88a56f32a428df1fc6b2c140bebd28cdf7601a767854c5b41e8d52c5;1518087337.0;-93.0;-33.0
437aab3f88a56f32a428df1fc6b2c140bebd28cdf7601a767854c5b41e8d52c5;1518087340.0;-93.0;-27.0
437aab3f88a56f32a428df1fc6b2c140bebd28cdf7601a767854c5b41e8d52c5;1518087341.5;-99.0;-27.0
437aab3f88a56f32a428df1fc6b2c140bebd28cdf7601a767854c5b41e8d52c5;1518087346.0;-99.0;-27.0
437aab3f88a56f32a428df1fc6b2c140bebd28cdf7601a767854c5b41e8d52c5;1518087349.0;-99.0;-27.0
437aab3f88a56f32a428df1fc6b2c140bebd28cdf7601a767854c5b41e8d52c5;1518087350.5;-99.0;-27.0
437aab3f88a56f32a428df1fc6b2c140bebd28cdf7601a767854c5b41e8d52c5;1518087353.5;-99.0;-27.0
437aab3f88a56f32a428df1fc6b2c140bebd28cdf7601a767854c5b41e8d52c5;1518087355.0;-99.0;-21.0
437aab3f88a56f32a428df1fc6b2c140bebd28cdf7601a767854c5b41e8d52c5;1518087358.0;-99.0;-15.0
437aab3f88a56f32a428df1fc6b2c140bebd28cdf7601a767854c5b41e8d52c5;1518087361.0;-99.0;-15.0
437aab3f88a56f32a428df1fc6b2c140bebd28cdf7601a767854c5b41e8d52c5;1518087362.5;-99.0;-15.0
437aab3f88a56f32a428df1fc6b2c140bebd28cdf7601a767854c5b41e8d52c5;1518087365.5;-99.0;-15.0
437aab3f88a56f32a428df1fc6b2c140bebd28cdf7601a767854c5b41e8d52c5;1518087367.0;-99.0;-15.0
437aab3f88a56f32a428df1fc6b2c140bebd28cdf7601a767854c5b41e8d52c5;1518087370.0;-99.0;-15.0
437aab3f88a56f32a428df1fc6b2c140bebd28cdf7601a767854c5b41e8d52c5;1518087373.0;-99.0;-15.0
437aab3f88a56f32a428df1fc6b2c140bebd28cdf7601a767854c5b41e8d52c5;1518087374.5;-99.0;-15.0
437aab3f88a56f32a428df1fc6b2c140bebd28cdf7601a767854c5b41e8d52c5;1518087377.5;-99.0;-3.0
437aab3f88a56f32a428df1fc6b2c140bebd28cdf7601a767854c5b41e8d52c5;1518087379.0;-99.0;-3.0
437aab3f88a56f32a428df1fc6b2c140bebd28cdf7601a767854c5b41e8d52c5;1518087382.0;-99.0;-3.0
437aab3f88a56f32a428df1fc6b2c140bebd28cdf7601a767854c5b41e8d52c5;1518087386.5;-99.0;9.0
437aab3f88a56f32a428df1fc6b2c140bebd28cdf7601a767854c5b41e8d52c5;1518087391.0;-99.0;9.0
437aab3f88a56f32a428df1fc6b2c140bebd28cdf7601a767854c5b41e8d52c5;1518087394.0;-99.0;9.0
437aab3f88a56f32a428df1fc6b2c140bebd28cdf7601a767854c5b41e8d52c5;1518087398.5;-99.0;9.0
437aab3f88a56f32a428df1fc6b2c140bebd28cdf7601a767854c5b41e8d52c5;1518087400.0;-99.0;9.0
437aab3f88a56f32a428df1fc6b2c140bebd28cdf7601a767854c5b41e8d52c5;1518087401.5;-99.0;9.0
437aab3f88a56f32a428df1fc6b2c140bebd28cdf7601a767854c5b41e8d52c5;1518087403.0;-99.0;9.0
437aab3f88a56f32a428df1fc6b2c140bebd28cdf7601a767854c5b41e8d52c5;1518087406.0;-99.0;9.0
437aab3f88a56f32a428df1fc6b2c140bebd28cdf7601a767854c5b41e8d52c5;1518087407.5;-99.0;21.0
437aab3f88a56f32a428df1fc6b2c140bebd28cdf7601a767854c5b41e8d52c5;1518087410.5;-99.0;21.0
437aab3f88a56f32a428df1fc6b2c140bebd28cdf7601a767854c5b41e8d52c5;1518087412.0;-99.0;21.0
437aab3f88a56f32a428df1fc6b2c140bebd28cdf7601a767854c5b41e8d52c5;1518087415.0;-99.0;27.0
437aab3f88a56f32a428df1fc6b2c140bebd28cdf7601a767854c5b41e8d52c5;1518087418.0;-99.0;27.0
437aab3f88a56f32a428df1fc6b2c140bebd28cdf7601a767854c5b41e8d52c5;1518087419.5;-99.0;27.0
437aab3f88a56f32a428df1fc6b2c140bebd28cdf7601a767854c5b41e8d52c5;1518087422.5;-99.0;27.0
437aab3f88a56f32a428df1fc6b2c140bebd28cdf7601a767854c5b41e8d52c5;1518087427.0;-99.0;27.0
437aab3f88a56f32a428df1fc6b2c140bebd28cdf7601a767854c5b41e8d52c5;1518087436.0;-99.0;27.0
437aab3f88a56f32a428df1fc6b2c140bebd28cdf7601a767854c5b41e8d52c5;1518087439.0;-99.0;27.0
437aab3f88a56f32a428df1fc6b2c140bebd28cdf7601a767854c5b41e8d52c5;1518087443.5;-99.0;33.0
437aab3f88a56f32a428df1fc6b2c140bebd28cdf7601a767854c5b41e8d52c5;1518087446.5;-99.0;39.0
437aab3f88a56f32a428df1fc6b2c140bebd28cdf7601a767854c5b41e8d52c5;1518087448.0;-99.0;39.0
437aab3f88a56f32a428df1fc6b2c140bebd28cdf7601a767854c5b41e8d52c5;1518087451.0;-99.0;39.0
437aab3f88a56f32a428df1fc6b2c140bebd28cdf7601a767854c5b41e8d52c5;1518087452.5;-99.0;39.0
437aab3f88a56f32a428df1fc6b2c140bebd28cdf7601a767854c5b41e8d52c5;1518087455.5;-99.0;39.0
437aab3f88a56f32a428df1fc6b2c140bebd28cdf7601a767854c5b41e8d52c5;1518087457.0;-99.0;39.0
437aab3f88a56f32a428df1fc6b2c140bebd28cdf7601a767854c5b41e8d52c5;1518087460.0;-99.0;39.0
437aab3f88a56f32a428df1fc6b2c140bebd28cdf7601a767854c5b41e8d52c5;1518087463.0;-99.0;39.0
437aab3f88a56f32a428df1fc6b2c140bebd28cdf7601a767854c5b41e8d52c5;1518087464.5;-99.0;39.0
437aab3f88a56f32a428df1fc6b2c140bebd28cdf7601a767854c5b41e8d52c5;1518087467.5;-99.0;39.0
437aab3f88a56f32a428df1fc6b2c140bebd28cdf7601a767854c5b41e8d52c5;1518087469.0;-99.0;39.0
437aab3f88a56f32a428df1fc6b2c140bebd28cdf7601a767854c5b41e8d52c5;1518087472.0;-99.0;39.0
437aab3f88a56f32a428df1fc6b2c140bebd28cdf7601a767854c5b41e8d52c5;1518087475.0;-93.0;39.0
437aab3f88a56f32a428df1fc6b2c140bebd28cdf7601a767854c5b41e8d52c5;1518087476.5;-87.0;57.0
437aab3f88a56f32a428df1fc6b2c140bebd28cdf7601a767854c5b41e8d52c5;1518087479.5;-81.0;57.0
437aab3f88a56f32a428df1fc6b2c140bebd28cdf7601a767854c5b41e8d52c5;1518087481.0;-81.0;57.0
437aab3f88a56f32a428df1fc6b2c140bebd28cdf7601a767854c5b41e8d52c5;1518087484.0;-81.0;57.0
437aab3f88a56f32a428df1fc6b2c140bebd28cdf7601a767854c5b41e8d52c5;1518087487.0;-81.0;63.0
437aab3f88a56f32a428df1fc6b2c140bebd28cdf7601a767854c5b41e8d52c5;1518087488.5;-81.0;63.0
437aab3f88a56f32a428df1fc6b2c140bebd28cdf7601a767854c5b41e8d52c5;1518087491.5;-81.0;63.0
437aab3f88a56f32a428df1fc6b2c140bebd28cdf7601a767854c5b41e8d52c5;1518087493.0;-75.0;63.0
437aab3f88a56f32a428df1fc6b2c140bebd28cdf7601a767854c5b41e8d52c5;1518087496.0;-75.0;63.0
437aab3f88a56f32a428df1fc6b2c140bebd28cdf7601a767854c5b41e8d52c5;1518087499.0;-75.0;63.0
437aab3f88a56f32a428df1fc6b2c140bebd28cdf7601a767854c5b41e8d52c5;1518087500.5;-75.0;63.0
437aab3f88a56f32a428df1fc6b2c140bebd28cdf7601a767854c5b41e8d52c5;1518087503.5;-75.0;63.0
437aab3f88a56f32a428df1fc6b2c140bebd28cdf7601a767854c5b41e8d52c5;1518087505.0;-75.0;63.0
437aab3f88a56f32a428df1fc6b2c140bebd28cdf7601a767854c5b41e8d52c5;1518087508.0;-75.0;63.0
437aab3f88a56f32a428df1fc6b2c140bebd28cdf7601a767854c5b41e8d52c5;1518087511.0;-75.0;63.0
437aab3f88a56f32a428df1fc6b2c140bebd28cdf7601a767854c5b41e8d52c5;1518087512.5;-75.0;63.0
437aab3f88a56f32a428df1fc6b2c140bebd28cdf7601a767854c5b41e8d52c5;1518087517.0;-75.0;63.0
437aab3f88a56f32a428df1fc6b2c140bebd28cdf7601a767854c5b41e8d52c5;1518087520.0;-75.0;63.0
437aab3f88a56f32a428df1fc6b2c140bebd28cdf7601a767854c5b41e8d52c5;1518087521.5;-75.0;63.0
437aab3f88a56f32a428df1fc6b2c140bebd28cdf7601a767854c5b41e8d52c5;1518087524.5;-75.0;63.0
437aab3f88a56f32a428df1fc6b2c140bebd28cdf7601a767854c5b41e8d52c5;1518087526.0;-69.0;63.0
437aab3f88a56f32a428df1fc6b2c140bebd28cdf7601a767854c5b41e8d52c5;1518087529.0;-69.0;63.0
437aab3f88a56f32a428df1fc6b2c140bebd28cdf7601a767854c5b41e8d52c5;1518087532.0;-69.0;63.0
437aab3f88a56f32a428df1fc6b2c140bebd28cdf7601a767854c5b41e8d52c5;1518087533.5;-69.0;63.0
437aab3f88a56f32a428df1fc6b2c140bebd28cdf7601a767854c5b41e8d52c5;1518087536.5;-69.0;63.0
437aab3f88a56f32a428df1fc6b2c140bebd28cdf7601a767854c5b41e8d52c5;1518087538.0;-69.0;63.0
437aab3f88a56f32a428df1fc6b2c140bebd28cdf7601a767854c5b41e8d52c5;1518087541.0;-69.0;63.0
437aab3f88a56f32a428df1fc6b2c140bebd28cdf7601a767854c5b41e8d52c5;1518087545.5;-69.0;63.0
437aab3f88a56f32a428df1fc6b2c140bebd28cdf7601a767854c5b41e8d52c5;1518087550.0;-69.0;63.0
437aab3f88a56f32a428df1fc6b2c140bebd28cdf7601a767854c5b41e8d52c5;1518087553.0;-69.0;63.0
437aab3f88a56f32a428df1fc6b2c140bebd28cdf7601a767854c5b41e8d52c5;1518087556.0;-63.0;63.0
437aab3f88a56f32a428df1fc6b2c140bebd28cdf7601a767854c5b41e8d52c5;1518087557.5;-63.0;63.0
437aab3f88a56f32a428df1fc6b2c140bebd28cdf7601a767854c5b41e8d52c5;1518087560.5;-63.0;63.0
437aab3f88a56f32a428df1fc6b2c140bebd28cdf7601a767854c5b41e8d52c5;1518087562.0;-57.0;63.0
437aab3f88a56f32a428df1fc6b2c140bebd28cdf7601a767854c5b41e8d52c5;1518087565.0;-57.0;63.0
437aab3f88a56f32a428df1fc6b2c140bebd28cdf7601a767854c5b41e8d52c5;1518087568.0;-51.0;63.0
437aab3f88a56f32a428df1fc6b2c140bebd28cdf7601a767854c5b41e8d52c5;1518087569.5;-51.0;63.0
437aab3f88a56f32a428df1fc6b2c140bebd28cdf7601a767854c5b41e8d52c5;1518087572.5;-51.0;63.0
437aab3f88a56f32a428df1fc6b2c140bebd28cdf7601a767854c5b41e8d52c5;1518087574.0;-51.0;63.0
437aab3f88a56f32a428df1fc6b2c140bebd28cdf7601a767854c5b41e8d52c5;1518087577.0;-45.0;63.0
437aab3f88a56f32a428df1fc6b2c140bebd28cdf7601a767854c5b41e8d52c5;1518087578.5;-45.0;63.0
437aab3f88a56f32a428df1fc6b2c140bebd28cdf7601a767854c5b41e8d52c5;1518087581.5;-45.0;63.0
437aab3f88a56f32a428df1fc6b2c140bebd28cdf7601a767854c5b41e8d52c5;1518087583.0;-45.0;63.0
437aab3f88a56f32a428df1fc6b2c140bebd28cdf7601a767854c5b41e8d52c5;1518087584.5;-39.0;63.0
437aab3f88a56f32a428df1fc6b2c140bebd28cdf7601a767854c5b41e8d52c5;1518087586.0;-39.0;63.0
437aab3f88a56f32a428df1fc6b2c140bebd28cdf7601a767854c5b41e8d52c5;1518087589.0;-39.0;63.0
437aab3f88a56f32a428df1fc6b2c140bebd28cdf7601a767854c5b41e8d52c5;1518087590.5;-39.0;63.0
437aab3f88a56f32a428df1fc6b2c140bebd28cdf7601a767854c5b41e8d52c5;1518087593.5;-33.0;63.0
437aab3f88a56f32a428df1fc6b2c140bebd28cdf7601a767854c5b41e8d52c5;1518087595.0;-27.0;63.0
437aab3f88a56f32a428df1fc6b2c140bebd28cdf7601a767854c5b41e8d52c5;1518087598.0;-27.0;63.0
437aab3f88a56f32a428df1fc6b2c140bebd28cdf7601a767854c5b41e8d52c5;1518087601.0;-27.0;63.0
437aab3f88a56f32a428df1fc6b2c140bebd28cdf7601a767854c5b41e8d52c5;1518087602.5;-27.0;63.0
437aab3f88a56f32a428df1fc6b2c140bebd28cdf7601a767854c5b41e8d52c5;1518087605.5;-27.0;63.0
437aab3f88a56f32a428df1fc6b2c140bebd28cdf7601a767854c5b41e8d52c5;1518087607.0;-27.0;63.0
437aab3f88a56f32a428df1fc6b2c140bebd28cdf7601a767854c5b41e8d52c5;1518087610.0;-27.0;63.0
437aab3f88a56f32a428df1fc6b2c140bebd28cdf7601a767854c5b41e8d52c5;1518087614.5;-27.0;63.0
437aab3f88a56f32a428df1fc6b2c140bebd28cdf7601a767854c5b41e8d52c5;1518087617.5;-27.0;63.0
437aab3f88a56f32a428df1fc6b2c140bebd28cdf7601a767854c5b41e8d52c5;1518087619.0;-27.0;63.0
437aab3f88a56f32a428df1fc6b2c140bebd28cdf7601a767854c5b41e8d52c5;1518087622.0;-27.0;63.0
437aab3f88a56f32a428df1fc6b2c140bebd28cdf7601a767854c5b41e8d52c5;1518087625.0;-21.0;63.0
437aab3f88a56f32a428df1fc6b2c140bebd28cdf7601a767854c5b41e8d52c5;1518087626.5;-21.0;63.0
437aab3f88a56f32a428df1fc6b2c140bebd28cdf7601a767854c5b41e8d52c5;1518087629.5;-21.0;63.0
437aab3f88a56f32a428df1fc6b2c140bebd28cdf7601a767854c5b41e8d52c5;1518087631.0;-21.0;63.0
437aab3f88a56f32a428df1fc6b2c140bebd28cdf7601a767854c5b41e8d52c5;1518087634.0;-21.0;63.0
437aab3f88a56f32a428df1fc6b2c140bebd28cdf7601a767854c5b41e8d52c5;1518087637.0;-15.0;63.0
437aab3f88a56f32a428df1fc6b2c140bebd28cdf7601a767854c5b41e8d52c5;1518087638.5;-15.0;63.0
437aab3f88a56f32a428df1fc6b2c140bebd28cdf7601a767854c5b41e8d52c5;1518087641.5;-15.0;63.0
437aab3f88a56f32a428df1fc6b2c140bebd28cdf7601a767854c5b41e8d52c5;1518087643.0;-15.0;63.0
437aab3f88a56f32a428df1fc6b2c140bebd28cdf7601a767854c5b41e8d52c5;1518087646.0;-15.0;63.0
437aab3f88a56f32a428df1fc6b2c140bebd28cdf7601a767854c5b41e8d52c5;1518087649.0;-15.0;63.0
437aab3f88a56f32a428df1fc6b2c140bebd28cdf7601a767854c5b41e8d52c5;1518087650.5;-15.0;63.0
437aab3f88a56f32a428df1fc6b2c140bebd28cdf7601a767854c5b41e8d52c5;1518087653.5;-15.0;63.0
437aab3f88a56f32a428df1fc6b2c140bebd28cdf7601a767854c5b41e8d52c5;1518087655.0;-15.0;63.0
437aab3f88a56f32a428df1fc6b2c140bebd28cdf7601a767854c5b41e8d52c5;1518087658.0;-15.0;63.0
437aab3f88a56f32a428df1fc6b2c140bebd28cdf7601a767854c5b41e8d52c5;1518087662.5;-15.0;63.0
437aab3f88a56f32a428df1fc6b2c140bebd28cdf7601a767854c5b41e8d52c5;1518087665.5;-15.0;63.0
437aab3f88a56f32a428df1fc6b2c140bebd28cdf7601a767854c5b41e8d52c5;1518087667.0;-15.0;63.0
437aab3f88a56f32a428df1fc6b2c140bebd28cdf7601a767854c5b41e8d52c5;1518087674.5;-9.0;63.0
437aab3f88a56f32a428df1fc6b2c140bebd28cdf7601a767854c5b41e8d52c5;1518087679.0;-9.0;63.0
437aab3f88a56f32a428df1fc6b2c140bebd28cdf7601a767854c5b41e8d52c5;1518087682.0;-9.0;63.0
437aab3f88a56f32a428df1fc6b2c140bebd28cdf7601a767854c5b41e8d52c5;1518087685.0;-9.0;63.0
437aab3f88a56f32a428df1fc6b2c140bebd28cdf7601a767854c5b41e8d52c5;1518087686.5;-9.0;63.0
437aab3f88a56f32a428df1fc6b2c140bebd28cdf7601a767854c5b41e8d52c5;1518087691.0;-9.0;63.0
437aab3f88a56f32a428df1fc6b2c140bebd28cdf7601a767854c5b41e8d52c5;1518087694.0;-9.0;63.0
437aab3f88a56f32a428df1fc6b2c140bebd28cdf7601a767854c5b41e8d52c5;1518087697.0;-9.0;63.0
437aab3f88a56f32a428df1fc6b2c140bebd28cdf7601a767854c5b41e8d52c5;1518087698.5;-9.0;63.0
437aab3f88a56f32a428df1fc6b2c140bebd28cdf7601a767854c5b41e8d52c5;1518087703.0;-9.0;63.0
437aab3f88a56f32a428df1fc6b2c140bebd28cdf7601a767854c5b41e8d52c5;1518087706.0;-9.0;63.0
437aab3f88a56f32a428df1fc6b2c140bebd28cdf7601a767854c5b41e8d52c5;1518087710.5;-9.0;63.0
437aab3f88a56f32a428df1fc6b2c140bebd28cdf7601a767854c5b41e8d52c5;1518087713.5;-9.0;63.0
437aab3f88a56f32a428df1fc6b2c140bebd28cdf7601a767854c5b41e8d52c5;1518087715.0;-9.0;63.0
437aab3f88a56f32a428df1fc6b2c140bebd28cdf7601a767854c5b41e8d52c5;1518087718.0;-9.0;63.0
437aab3f88a56f32a428df1fc6b2c140bebd28cdf7601a767854c5b41e8d52c5;1518087722.5;-9.0;63.0
437aab3f88a56f32a428df1fc6b2c140bebd28cdf7601a767854c5b41e8d52c5;1518087727.0;-9.0;63.0
437aab3f88a56f32a428df1fc6b2c140bebd28cdf7601a767854c5b41e8d52c5;1518087730.0;-9.0;63.0
437aab3f88a56f32a428df1fc6b2c140bebd28cdf7601a767854c5b41e8d52c5;1518087733.0;-9.0;63.0
437aab3f88a56f32a428df1fc6b2c140bebd28cdf7601a767854c5b41e8d52c5;1518087734.5;-9.0;63.0
437aab3f88a56f32a428df1fc6b2c140bebd28cdf7601a767854c5b41e8d52c5;1518087737.5;-9.0;63.0
437aab3f88a56f32a428df1fc6b2c140bebd28cdf7601a767854c5b41e8d52c5;1518087739.0;-9.0;63.0
437aab3f88a56f32a428df1fc6b2c140bebd28cdf7601a767854c5b41e8d52c5;1518087742.0;-9.0;63.0
437aab3f88a56f32a428df1fc6b2c140bebd28cdf7601a767854c5b41e8d52c5;1518087746.5;-9.0;63.0
437aab3f88a56f32a428df1fc6b2c140bebd28cdf7601a767854c5b41e8d52c5;1518087749.5;-9.0;63.0
437aab3f88a56f32a428df1fc6b2c140bebd28cdf7601a767854c5b41e8d52c5;1518087751.0;-9.0;63.0
437aab3f88a56f32a428df1fc6b2c140bebd28cdf7601a767854c5b41e8d52c5;1518087754.0;-9.0;63.0
437aab3f88a56f32a428df1fc6b2c140bebd28cdf7601a767854c5b41e8d52c5;1518087755.5;-9.0;63.0
437aab3f88a56f32a428df1fc6b2c140bebd28cdf7601a767854c5b41e8d52c5;1518087757.0;-9.0;63.0
437aab3f88a56f32a428df1fc6b2c140bebd28cdf7601a767854c5b41e8d52c5;1518087758.5;-9.0;63.0
437aab3f88a56f32a428df1fc6b2c140bebd28cdf7601a767854c5b41e8d52c5;1518087760.0;-9.0;63.0
437aab3f88a56f32a428df1fc6b2c140bebd28cdf7601a767854c5b41e8d52c5;1518087763.0;-9.0;63.0
437aab3f88a56f32a428df1fc6b2c140bebd28cdf7601a767854c5b41e8d52c5;1518087766.0;-9.0;63.0
437aab3f88a56f32a428df1fc6b2c140bebd28cdf7601a767854c5b41e8d52c5;1518087767.5;-9.0;63.0
437aab3f88a56f32a428df1fc6b2c140bebd28cdf7601a767854c5b41e8d52c5;1518087769.0;-9.0;63.0
437aab3f88a56f32a428df1fc6b2c140bebd28cdf7601a767854c5b41e8d52c5;1518087770.5;-9.0;63.0
437aab3f88a56f32a428df1fc6b2c140bebd28cdf7601a767854c5b41e8d52c5;1518087772.0;-9.0;63.0
437aab3f88a56f32a428df1fc6b2c140bebd28cdf7601a767854c5b41e8d52c5;1518087773.5;-9.0;63.0
437aab3f88a56f32a428df1fc6b2c140bebd28cdf7601a767854c5b41e8d52c5;1518087775.0;-9.0;63.0
437aab3f88a56f32a428df1fc6b2c140bebd28cdf7601a767854c5b41e8d52c5;1518087778.0;-9.0;63.0
437aab3f88a56f32a428df1fc6b2c140bebd28cdf7601a767854c5b41e8d52c5;1518087779.5;-9.0;63.0
437aab3f88a56f32a428df1fc6b2c140bebd28cdf7601a767854c5b41e8d52c5;1518087782.5;-9.0;63.0
437aab3f88a56f32a428df1fc6b2c140bebd28cdf7601a767854c5b41e8d52c5;1518087784.0;-9.0;63.0
437aab3f88a56f32a428df1fc6b2c140bebd28cdf7601a767854c5b41e8d52c5;1518087785.5;-15.0;75.0
437aab3f88a56f32a428df1fc6b2c140bebd28cdf7601a767854c5b41e8d52c5;1518087787.0;-15.0;75.0
437aab3f88a56f32a428df1fc6b2c140bebd28cdf7601a767854c5b41e8d52c5;1518087790.0;-15.0;75.0
437aab3f88a56f32a428df1fc6b2c140bebd28cdf7601a767854c5b41e8d52c5;1518087791.5;-15.0;75.0
437aab3f88a56f32a428df1fc6b2c140bebd28cdf7601a767854c5b41e8d52c5;1518087794.5;-15.0;75.0
437aab3f88a56f32a428df1fc6b2c140bebd28cdf7601a767854c5b41e8d52c5;1518087796.0;-15.0;75.0
437aab3f88a56f32a428df1fc6b2c140bebd28cdf7601a767854c5b41e8d52c5;1518087797.5;-15.0;75.0
437aab3f88a56f32a428df1fc6b2c140bebd28cdf7601a767854c5b41e8d52c5;1518087799.0;-15.0;75.0
437aab3f88a56f32a428df1fc6b2c140bebd28cdf7601a767854c5b41e8d52c5;1518087802.0;-15.0;75.0
437aab3f88a56f32a428df1fc6b2c140bebd28cdf7601a767854c5b41e8d52c5;1518087803.5;-15.0;75.0
437aab3f88a56f32a428df1fc6b2c140bebd28cdf7601a767854c5b41e8d52c5;1518087805.0;-15.0;75.0
